/*--------------------------------*- C++ -*----------------------------------*\
| =========                 |                                                 |
| \\      /  F ield         | OpenFOAM: The Open Source CFD Toolbox           |
|  \\    /   O peration     | Version:  2306                                  |
|   \\  /    A nd           | Website:  www.openfoam.com                      |
|    \\/     M anipulation  |                                                 |
\*---------------------------------------------------------------------------*/
FoamFile
{
    version     2.0;
    format      binary;
    arch        "LSB;label=32;scalar=64";
    class       cellSet;
    location    "constant/polyMesh/sets";
    object      addedCells;
}
// * * * * * * * * * * * * * * * * * * * * * * * * * * * * * * * * * * * * * //


520
(
260521
260522
260523
260524
260525
260526
260527
260528
260529
260530
260531
260532
260533
260534
260535
260536
260537
260538
260539
260540
260541
260542
260543
260544
260545
260546
260547
260548
260549
260550
260551
260552
260553
260554
260555
260556
260557
260558
260559
260560
260561
260562
260563
260564
260565
260566
260567
260568
260569
260570
260571
260572
260573
260574
260575
260576
260577
260578
260579
260580
260581
260582
260583
260584
260585
260586
260587
260588
260589
260590
260591
260592
260593
260594
260595
260596
260597
260598
260599
260600
260601
260602
260603
260604
260605
260606
260607
260608
260609
260610
260611
260612
260613
260614
260615
260616
260617
260618
260619
260620
260621
260622
260623
260624
260625
260626
260627
260628
260629
260630
260631
260632
260633
260634
260635
260636
260637
260638
260639
260640
260641
260642
260643
260644
260645
260646
260647
260648
260649
260650
260651
260652
260653
260654
260655
260656
260657
260658
260659
260660
260661
260662
260663
260664
260665
260666
260667
260668
260669
260670
260671
260672
260673
260674
260675
260676
260677
260678
260679
260680
260681
260682
260683
260684
260685
260686
260687
260688
260689
260690
260691
260692
260693
260694
260695
260696
260697
260698
260699
260700
260701
260702
260703
260704
260705
260706
260707
260708
260709
260710
260711
260712
260713
260714
260715
260716
260717
260718
260719
260720
260721
260722
260723
260724
260725
260726
260727
260728
260729
260730
260731
260732
260733
260734
260735
260736
260737
260738
260739
260740
260741
260742
260743
260744
260745
260746
260747
260748
260749
260750
260751
260752
260753
260754
260755
260756
260757
260758
260759
260760
260761
260762
260763
260764
260765
260766
260767
260768
260769
260770
260771
260772
260773
260774
260775
260776
260777
260778
260779
260780
260781
260782
260783
260784
260785
260786
260787
260788
260789
260790
260791
260792
260793
260794
260795
260796
260797
260798
260799
260800
260801
260802
260803
260804
260805
260806
260807
260808
260809
260810
260811
260812
260813
260814
260815
260816
260817
260818
260819
260820
260821
260822
260823
260824
260825
260826
260827
260828
260829
260830
260831
260832
260833
260834
260835
260836
260837
260838
260839
260840
260841
260842
260843
260844
260845
260846
260847
260848
260849
260850
260851
260852
260853
260854
260855
260856
260857
260858
260859
260860
260861
260862
260863
260864
260865
260866
260867
260868
260869
260870
260871
260872
260873
260874
260875
260876
260877
260878
260879
260880
260881
260882
260883
260884
260885
260886
260887
260888
260889
260890
260891
260892
260893
260894
260895
260896
260897
260898
260899
260900
260901
260902
260903
260904
260905
260906
260907
260908
260909
260910
260911
260912
260913
260914
260915
260916
260917
260918
260919
260920
260921
260922
260923
260924
260925
260926
260927
260928
260929
260930
260931
260932
260933
260934
260935
260936
260937
260938
260939
260940
260941
260942
260943
260944
260945
260946
260947
260948
260949
260950
260951
260952
260953
260954
260955
260956
260957
260958
260959
260960
260961
260962
260963
260964
260965
260966
260967
260968
260969
260970
260971
260972
260973
260974
260975
260976
260977
260978
260979
260980
260981
260982
260983
260984
260985
260986
260987
260988
260989
260990
260991
260992
260993
260994
260995
260996
260997
260998
260999
261000
261001
261002
261003
261004
261005
261006
261007
261008
261009
261010
261011
261012
261013
261014
261015
261016
261017
261018
261019
261020
261021
261022
261023
261024
261025
261026
261027
261028
261029
261030
261031
261032
261033
261034
261035
261036
261037
261038
261039
261040
)


// ************************************************************************* //
