1.000000  0.000750  0.000000
0.990000  0.002575  0.000000
0.980000  0.004299  0.000000
0.970000  0.005923  0.000000
0.960000  0.007448  0.000000
0.950000  0.008972  0.000000
0.940000  0.010397  0.000000
0.930000  0.011821  0.000000
0.920000  0.013146  0.000000
0.910000  0.014470  0.000000
0.900000  0.015795  0.000000
0.890000  0.017120  0.000000
0.880000  0.018344  0.000000
0.870000  0.019569  0.000000
0.860000  0.020793  0.000000
0.850000  0.022017  0.000000
0.840000  0.023142  0.000000
0.830000  0.024266  0.000000
0.820000  0.025391  0.000000
0.810000  0.026516  0.000000
0.800000  0.027640  0.000000
0.790000  0.028664  0.000000
0.780000  0.029689  0.000000
0.770000  0.030713  0.000000
0.760000  0.031738  0.000000
0.750000  0.032663  0.000000
0.740000  0.033587  0.000000
0.730000  0.034512  0.000000
0.720000  0.035436  0.000000
0.710000  0.036261  0.000000
0.700000  0.037085  0.000000
0.690000  0.037910  0.000000
0.680000  0.038734  0.000000
0.670000  0.039459  0.000000
0.660000  0.040183  0.000000
0.650000  0.040908  0.000000
0.640000  0.041532  0.000000
0.630000  0.042156  0.000000
0.620000  0.042781  0.000000
0.610000  0.043405  0.000000
0.600000  0.043930  0.000000
0.590000  0.044455  0.000000
0.580000  0.044979  0.000000
0.570000  0.045403  0.000000
0.560000  0.045828  0.000000
0.550000  0.046253  0.000000
0.540000  0.046577  0.000000
0.530000  0.046901  0.000000
0.520000  0.047226  0.000000
0.510000  0.047551  0.000000
0.500000  0.047775  0.000000
0.490000  0.048000  0.000000
0.480000  0.048224  0.000000
0.470000  0.048448  0.000000
0.460000  0.048573  0.000000
0.450000  0.048697  0.000000
0.440000  0.048822  0.000000
0.430000  0.048947  0.000000
0.420000  0.048971  0.000000
0.410000  0.048996  0.000000
0.400000  0.049020  0.000000
0.390000  0.049045  0.000000
0.380000  0.049069  0.000000
0.370000  0.048994  0.000000
0.360000  0.048918  0.000000
0.350000  0.048843  0.000000
0.340000  0.048767  0.000000
0.330000  0.048692  0.000000
0.320000  0.048516  0.000000
0.310000  0.048340  0.000000
0.300000  0.048165  0.000000
0.290000  0.047989  0.000000
0.280000  0.047714  0.000000
0.270000  0.047438  0.000000
0.260000  0.047163  0.000000
0.250000  0.046787  0.000000
0.240000  0.046412  0.000000
0.230000  0.046037  0.000000
0.220000  0.045561  0.000000
0.210000  0.045086  0.000000
0.200000  0.044510  0.000000
0.190000  0.043935  0.000000
0.180000  0.043359  0.000000
0.170000  0.042683  0.000000
0.160000  0.042008  0.000000
0.150000  0.041232  0.000000
0.140000  0.040457  0.000000
0.130000  0.039581  0.000000
0.120000  0.038606  0.000000
0.110000  0.037631  0.000000
0.100000  0.036555  0.000000
0.090000  0.035380  0.000000
0.080000  0.034004  0.000000
0.070000  0.032529  0.000000
0.060000  0.030853  0.000000
0.048977  0.028708  0.000000
0.039036  0.026468  0.000000
0.030216  0.024199  0.000000
0.022552  0.021664  0.000000
0.016079  0.019113  0.000000
0.010830  0.016152  0.000000
0.006790  0.012971  0.000000
0.003902  0.009802  0.000000
0.002037  0.006889  0.000000
0.000959  0.004559  0.000000
0.000410  0.002871  0.000000
0.000151  0.001706  0.000000
0.000040  0.000878  0.000000
0.000003  0.000234  0.000000
0.000037  -0.000640  0.000000
0.000143  -0.001252  0.000000
0.000399  -0.002141  0.000000
0.000949  -0.003543  0.000000
0.002031  -0.005585  0.000000
0.003905  -0.008260  0.000000
0.006803  -0.011312  0.000000
0.010852  -0.014520  0.000000
0.016107  -0.017646  0.000000
0.022585  -0.020492  0.000000
0.030252  -0.023395  0.000000
0.039072  -0.026047  0.000000
0.049009  -0.028623  0.000000
0.060000  -0.030853  0.000000
0.070000  -0.032529  0.000000
0.080000  -0.034004  0.000000
0.090000  -0.035380  0.000000
0.100000  -0.036655  0.000000
0.110000  -0.037831  0.000000
0.120000  -0.038906  0.000000
0.130000  -0.039882  0.000000
0.140000  -0.040757  0.000000
0.150000  -0.041633  0.000000
0.160000  -0.042408  0.000000
0.170000  -0.043083  0.000000
0.180000  -0.043759  0.000000
0.190000  -0.044435  0.000000
0.200000  -0.045010  0.000000
0.210000  -0.045485  0.000000
0.220000  -0.045961  0.000000
0.230000  -0.046436  0.000000
0.240000  -0.046812  0.000000
0.250000  -0.047188  0.000000
0.260000  -0.047463  0.000000
0.270000  -0.047738  0.000000
0.280000  -0.048014  0.000000
0.290000  -0.048189  0.000000
0.300000  -0.048365  0.000000
0.310000  -0.048540  0.000000
0.320000  -0.048616  0.000000
0.330000  -0.048692  0.000000
0.340000  -0.048767  0.000000
0.350000  -0.048843  0.000000
0.360000  -0.048818  0.000000
0.370000  -0.048794  0.000000
0.380000  -0.048769  0.000000
0.390000  -0.048645  0.000000
0.400000  -0.048520  0.000000
0.410000  -0.048396  0.000000
0.420000  -0.048171  0.000000
0.430000  -0.047947  0.000000
0.440000  -0.047722  0.000000
0.450000  -0.047398  0.000000
0.460000  -0.047073  0.000000
0.470000  -0.046649  0.000000
0.480000  -0.046224  0.000000
0.490000  -0.045799  0.000000
0.500000  -0.045275  0.000000
0.510000  -0.044750  0.000000
0.520000  -0.044126  0.000000
0.530000  -0.043401  0.000000
0.540000  -0.042677  0.000000
0.550000  -0.041853  0.000000
0.560000  -0.040928  0.000000
0.570000  -0.039904  0.000000
0.580000  -0.038779  0.000000
0.590000  -0.037554  0.000000
0.600000  -0.036330  0.000000
0.610000  -0.035005  0.000000
0.620000  -0.033681  0.000000
0.630000  -0.032256  0.000000
0.640000  -0.030832  0.000000
0.650000  -0.029308  0.000000
0.660000  -0.027783  0.000000
0.670000  -0.026158  0.000000
0.680000  -0.024534  0.000000
0.690000  -0.022909  0.000000
0.700000  -0.021285  0.000000
0.710000  -0.019660  0.000000
0.720000  -0.018036  0.000000
0.730000  -0.016412  0.000000
0.740000  -0.014787  0.000000
0.750000  -0.013162  0.000000
0.760000  -0.011538  0.000000
0.770000  -0.009914  0.000000
0.780000  -0.008289  0.000000
0.790000  -0.006764  0.000000
0.800000  -0.005240  0.000000
0.810000  -0.003815  0.000000
0.820000  -0.002391  0.000000
0.830000  -0.001067  0.000000
0.840000  0.000258  0.000000
0.850000  0.001482  0.000000
0.860000  0.002607  0.000000
0.870000  0.003631  0.000000
0.880000  0.004556  0.000000
0.890000  0.005281  0.000000
0.900000  0.005905  0.000000
0.910000  0.006330  0.000000
0.920000  0.006554  0.000000
0.930000  0.006579  0.000000
0.940000  0.006403  0.000000
0.950000  0.006027  0.000000
0.960000  0.005452  0.000000
0.970000  0.004677  0.000000
0.980000  0.003601  0.000000
0.990000  0.002325  0.000000
1.000000  0.000750  0.000000