/*--------------------------------*- C++ -*----------------------------------*\
| =========                 |                                                 |
| \\      /  F ield         | OpenFOAM: The Open Source CFD Toolbox           |
|  \\    /   O peration     | Version:  2306                                  |
|   \\  /    A nd           | Website:  www.openfoam.com                      |
|    \\/     M anipulation  |                                                 |
\*---------------------------------------------------------------------------*/
FoamFile
{
    version     2.0;
    format      ascii;
    arch        "LSB;label=32;scalar=64";
    class       volScalarField;
    location    "0";
    object      thicknessFraction;
}
// * * * * * * * * * * * * * * * * * * * * * * * * * * * * * * * * * * * * * //

dimensions      [0 0 0 0 0 0 0];

internalField   uniform 0;

boundaryField
{
    walls
    {
        type            fixedValue;
        value           uniform 0;
    }
    inlet
    {
        type            fixedValue;
        value           uniform 0;
    }
    outlet
    {
        type            fixedValue;
        value           uniform 0;
    }
    NASA
    {
        type            fixedValue;
        value           nonuniform List<scalar> 
14179
(
1
1
0.922587
0.922586
0.905804
0.85586
0.742205
1
0.761603
1
0.697899
1
1
1
1
0.999998
1
0.695363
1
1
1
1
1
1
1
1
1
1
1
1
1
1
1
1
1
1
1
1
1
1
1
1
1
1
1
1
1
1
1
1
1
1
1
1
0.999998
1
1
1
0.999999
1
1
1
1
1
1
1
1
1
1
0.922587
1
1
1
1
0.89921
0.862057
0.815981
0.881624
0.884996
0.862112
0.845877
0.774127
0.999999
0.999999
1
1
1
1
1
1
1
1
1
1
1
1
1
1
1
1
1
1
0.999999
1
1
1
1
1
1
0.999996
0.99999
0.999995
0.999993
1
1
1
1
1
1
1
1
1
1
1
1
1
1
1
1
1
1
1
1
1
1
1
1
1
1
1
1
1
1
1
1
1
1
1
1
1
1
1
1
1
1
1
1
1
1
1
1
1
1
1
1
1
1
1
1
1
1
1
1
1
1
1
1
1
1
1
1
1
1
1
1
1
1
1
1
1
1
1
1
1
1
1
1
1
1
1
1
1
1
1
1
1
1
0.999996
0.999999
0.999996
1
1
0.999999
0.999999
1
1
1
1
1
1
1
1
1
1
1
1
1
1
1
1
1
1
1
1
1
1
1
1
1
1
1
1
1
1
1
1
1
1
1
1
1
1
1
1
1
0.841887
0.922587
0.841887
0.922587
0.922587
0.841887
0.922587
0.783697
0.907779
0.783715
0.907588
0.916973
0.99396
0.922389
0.993518
1
1
0.75958
0.894098
0.736403
0.78191
0.80882
0.975683
0.979898
0.819794
0.97531
0.816426
0.751898
0.644274
0.77151
0.594499
0.78743
0.892674
0.738113
0.807494
1
1
1
1
0.573626
0.843902
0.608258
1
1
0.784992
1
0.788121
0.67971
0.826097
1
1
1
1
0.865183
0.564278
0.741712
0.792878
1
1
1
1
1
1
1
0.868375
1
1
1
1
0.707314
0.7402
0.787023
0.671106
0.783258
0.875352
1
1
1
1
1
1
1
1
1
1
1
1
1
1
1
1
1
0.999999
0.999999
0.999998
0.999999
0.999997
0.999999
1
1
1
1
0.922587
1
1
1
1
0.879468
0.779904
0.783625
0.906935
0.931871
0.98813
0.98904
0.988512
0.943773
0.992143
0.931751
0.986895
0.758772
0.734768
1
1
1
1
1
1
0.848518
0.751548
1
1
1
1
1
1
1
1
1
1
1
1
1
1
1
1
1
0.688392
0.738807
0.700807
0.749123
0.840077
0.730396
0.740334
0.79978
0.688318
0.895361
0.776876
0.784018
0.720906
0.839701
0.745875
0.774535
0.814325
0.74774
0.745942
0.764187
0.763136
0.663791
0.767387
0.669698
1
1
1
1
1
1
1
1
1
1
1
1
1
1
1
1
1
1
1
1
1
1
1
1
1
1
1
1
1
1
1
1
1
1
1
1
1
1
1
1
1
1
1
1
1
1
1
1
1
1
1
1
1
1
0.783716
0.90778
0.783716
0.90778
0.92257
0.993963
0.993953
0.783715
0.90778
0.783716
0.972478
0.787677
0.697385
0.792329
0.685311
1
1
0.95553
0.825992
0.918905
1
1
1
1
1
1
1
0.993963
0.993963
0.993962
0.922587
0.993963
0.783716
0.783716
0.795172
0.704828
0.795176
0.704817
0.676317
0.784065
0.790697
0.693281
1
1
1
1
0.933368
0.838164
0.937887
0.791391
0.875318
0.819344
1
1
1
1
1
1
1
1
1
1
1
1
1
1
1
1
0.841887
1
1
0.922587
0.841887
1
1
0.922587
0.922587
1
0.841887
1
0.922587
1
1
1
1
0.783716
0.90778
0.90778
0.783716
0.783712
0.691152
0.811546
0.907774
0.783715
0.691212
0.811425
0.907743
1
1
1
1
0.985675
0.990298
0.989507
0.922498
0.993907
0.989043
0.989034
0.984722
0.988991
0.783164
0.78371
0.907718
0.989331
0.993946
0.97222
0.993869
0.988996
0.795945
0.786701
1
1
1
1
0.619594
0.76256
0.778248
0.660751
1
1
1
1
1
1
1
1
1
1
1
1
1
1
1
1
1
1
0.622049
0.771775
0.871132
0.801743
0.691209
0.822706
0.778684
0.685805
1
1
1
1
1
0.775359
0.898815
0.872072
0.886868
0.835532
0.950819
0.777795
0.973959
0.955964
0.805824
0.906067
0.752547
0.69114
0.764348
0.957175
0.951716
0.793864
0.902255
1
1
1
1
1
1
1
1
1
1
1
1
1
1
1
1
1
1
1
1
1
1
1
1
0.99036
0.99036
0.989043
0.989043
0.993963
0.993963
0.989043
0.989043
1
1
1
1
0.989043
0.989043
0.99036
0.99036
0.922587
0.993963
0.993963
0.989043
0.989043
0.783716
0.90778
0.783716
0.90778
0.798651
0.801546
1
1
1
1
0.795151
0.70452
0.79506
0.704762
1
1
1
1
1
1
1
1
1
1
1
1
1
1
1
1
1
0.803007
0.802989
1
1
1
1
1
1
0.793627
0.703625
0.794717
0.700807
1
1
1
1
1
1
1
1
1
1
1
1
1
1
1
1
1
1
1
0.791947
0.897524
0.68012
0.782425
0.783344
0.690929
0.904598
0.810999
1
1
1
1
1
0.904297
0.909303
0.967448
0.982647
0.965869
0.960289
0.918532
0.971341
0.989023
0.837669
0.932795
0.988931
0.970776
0.947891
0.974643
0.971366
0.987566
0.987918
0.967587
0.968037
0.925733
0.925643
0.911319
0.966747
0.836224
0.931074
0.831647
0.981577
0.969052
1
1
1
1
1
1
1
1
1
1
1
1
1
1
1
1
1
1
1
1
1
1
1
1
1
1
1
1
1
1
1
1
1
1
1
1
0.90778
0.783716
0.783716
0.90778
0.783716
0.90778
0.783716
0.90778
0.783716
0.90778
0.783716
0.90778
0.922586
0.972479
0.972479
0.972479
0.922587
0.841887
1
1
1
1
0.993963
0.922587
0.993963
0.922587
0.993963
0.993963
0.783716
0.90778
0.783716
0.90778
1
1
0.841887
1
1
1
1
0.993963
0.993963
0.922587
0.993963
0.993963
0.783716
0.90778
0.783716
0.90778
1
1
1
0.841887
1
0.993963
0.922587
0.993963
0.993963
0.922587
0.993963
0.90778
0.783716
0.783716
0.795177
0.70483
0.795177
0.70483
0.795177
0.70483
0.70483
0.795177
1
1
1
1
0.795177
0.70483
0.795177
0.70483
0.702381
0.794248
0.794916
0.704135
0.966884
0.920961
0.933372
0.838167
0.834181
0.928716
1
1
1
1
1
1
1
1
1
1
1
1
1
1
0.933372
0.838167
0.972479
0.838167
0.933372
0.70483
0.795177
0.795177
0.70483
0.795177
0.70483
0.795177
0.70483
0.933371
0.838167
0.838167
0.922587
0.972479
0.838167
0.933372
0.838167
1
1
1
1
1
1
1
1
1
1
1
1
1
1
1
1
1
1
1
1
1
1
1
1
1
1
1
1
1
1
1
1
1
1
1
1
0.783716
0.90778
0.90778
0.783716
1
1
1
1
0.783716
0.90778
0.90778
0.783716
1
1
1
1
0.783716
0.90778
0.90778
0.783716
0.783716
0.691212
0.811547
0.90778
0.783716
0.691212
0.811547
0.90778
0.922584
0.972463
0.989333
0.993962
0.989321
0.993961
0.783715
0.691209
0.811547
0.783716
0.691212
0.811539
1
1
1
1
1
1
0.989333
0.993963
0.972479
0.993963
0.989333
0.989333
0.993963
0.922587
0.972479
0.993963
0.989333
0.811547
0.691212
0.783716
0.783716
0.691212
0.811547
1
1
1
1
1
1
1
1
1
1
1
1
1
1
0.841887
1
1
1
1
1
1
1
1
0.989043
0.989043
0.99036
0.99036
0.993963
0.993963
0.989043
0.989043
1
1
1
1
0.99036
0.99036
0.922587
0.993963
0.993963
0.989043
0.989043
0.989043
0.989043
0.783716
0.90778
0.783716
0.841887
1
1
1
1
1
1
1
1
0.99036
0.99036
0.989043
0.989043
0.922587
0.993963
0.993963
0.989043
0.989043
1
1
1
1
0.99036
0.99036
0.922587
0.993963
0.993963
0.989043
0.989043
0.989043
0.989043
0.783716
0.90778
0.783716
0.90778
1
1
1
0.841887
1
1
1
1
1
0.99036
0.99036
0.989043
0.989043
0.922587
0.993963
0.993963
0.989043
0.989043
1
1
1
1
0.989043
0.989043
0.99036
0.99036
0.922587
0.993963
0.993963
0.989043
0.989043
0.783716
0.90778
0.783716
0.803011
0.803011
1
1
1
1
0.795177
0.70483
0.795177
0.70483
1
1
1
1
1
1
1
1
1
1
1
1
1
1
1
1
1
0.803011
0.803011
1
1
1
1
0.795177
0.70483
0.795177
0.70483
1
1
1
1
1
1
1
1
1
1
1
1
1
1
1
1
1
1
1
1
1
1
0.691212
0.783716
0.90778
0.811547
0.811547
0.90778
0.783716
0.691212
1
1
1
1
1
1
1
1
1
1
0.802788
0.802959
1
1
1
1
0.795177
0.704824
0.795175
0.704829
1
1
1
1
1
1
1
1
1
1
1
1
1
1
1
1
1
1
1
1
1
1
1
0.795114
0.704794
0.795164
0.70466
1
1
1
1
1
1
1
1
1
1
1
1
1
1
0.803011
0.803011
0.924451
0.989073
0.990056
0.968089
0.967821
0.92544
0.98437
0.992755
0.922179
0.972395
0.993683
0.989266
0.971345
0.989043
0.838156
0.93336
0.989042
0.971335
0.966858
0.987881
0.838109
0.933308
0.988776
0.971288
0.925752
0.925751
0.808403
0.689521
0.783572
0.783684
0.691192
0.811504
1
1
1
1
1
1
1
1
1
1
1
1
1
1
1
1
1
1
1
1
1
1
1
1
1
1
1
1
1
1
1
1
1
0.968159
0.99036
0.968159
0.925753
0.925753
0.99036
0.968159
0.968159
0.971345
0.989043
0.933372
0.838167
0.989043
0.971345
0.922587
0.972479
0.989333
0.993963
0.989333
0.993963
0.925753
0.925753
0.933372
0.838167
0.971345
0.989043
0.971345
0.989043
1
1
1
1
1
1
0.795177
0.70483
0.795177
0.70483
1
1
1
1
1
1
1
1
1
1
1
1
1
1
0.803011
0.803011
0.803011
0.803011
1
1
1
1
0.795177
0.70483
0.795177
0.70483
1
1
1
1
1
1
1
1
1
1
1
1
1
1
1
1
0.971344
0.989043
0.933372
0.838167
0.838167
0.989043
0.971345
0.925753
0.925753
0.99036
0.968159
0.968159
0.925753
0.99036
0.968159
0.925753
0.922587
0.972479
0.989333
0.993963
0.989333
0.993963
0.933372
0.838167
0.838167
0.971345
0.989043
0.971345
0.989043
1
1
1
1
1
1
1
1
0.783716
0.691212
0.811547
0.90778
0.783716
0.691212
0.811547
1
1
1
1
1
1
1
1
1
1
1
1
1
1
1
1
1
1
1
1
1
1
1
1
1
1
1
1
1
1
1
1
1
1
1
1
1
1
1
1
1
1
1
1
1
1
1
1
1
1
1
1
1
1
1
0.841887
0.728648
0.728648
0.972479
0.922587
0.972479
0.841887
0.728648
0.728648
0.972479
0.922587
0.972479
0.728648
0.841887
0.728648
0.972479
0.972479
0.922587
0.70483
0.795177
0.795177
0.70483
0.795177
0.70483
0.70483
0.795177
1
1
1
1
0.795177
0.70483
0.795177
0.70483
0.795177
0.70483
0.70483
0.795177
1
1
1
1
0.795177
0.70483
0.795177
0.70483
0.795177
0.70483
0.70483
0.795177
1
1
1
1
1
1
1
1
1
1
0.841887
0.728648
0.728648
1
1
1
1
1
1
0.933372
0.838167
0.922587
0.972479
0.838167
0.933372
0.838167
0.795177
0.70483
0.795177
0.70483
0.795177
0.70483
0.795177
0.70483
0.922587
0.972479
0.933372
0.838167
0.838167
0.838167
0.933372
1
1
1
1
1
1
1
1
0.841887
0.728648
0.728648
1
1
1
1
1
1
0.933372
0.838167
0.972479
0.838167
0.933372
0.795177
0.70483
0.795177
0.70483
0.795177
0.70483
0.795177
0.70483
0.922587
0.972479
0.933372
0.838167
0.838167
0.838167
0.933372
1
1
1
1
1
1
1
0.841887
0.728648
0.728648
1
1
1
0.933372
0.838167
0.838167
0.972479
0.838167
0.933372
0.70483
0.795177
0.795177
0.70483
0.795177
0.70483
0.795177
0.70483
0.933372
0.838167
0.922587
0.972479
0.838167
0.933372
0.838167
1
1
1
1
1
1
1
1
1
1
1
1
1
1
1
1
1
1
1
1
1
1
1
1
1
1
1
1
1
1
1
1
1
1
1
1
1
1
1
1
1
1
1
1
1
1
1
1
1
1
1
1
1
1
1
1
1
1
1
1
0.811547
0.90778
0.691212
0.783716
0.783716
0.691212
0.90778
0.811547
0.783716
0.691212
0.811547
0.90778
0.783716
0.691212
0.811547
0.90778
0.783716
0.691212
0.811547
0.90778
0.783716
0.691212
0.811547
0.90778
0.841887
0.728648
0.728648
0.804792
1
0.804792
0.804792
1
0.804792
1
1
0.989333
0.993963
0.972479
0.993963
0.989333
0.922587
0.972479
0.989333
0.993963
0.989333
0.993963
0.783716
0.691212
0.811547
0.783716
0.691212
0.811547
1
1
0.841887
0.728648
0.728648
0.804792
1
0.804792
0.804792
1
0.804792
1
1
0.989333
0.993963
0.972479
0.993963
0.989333
0.922587
0.972479
0.989333
0.993963
0.989333
0.993963
0.783716
0.691212
0.811547
0.783716
0.691212
0.811547
1
1
0.804792
1
0.804792
0.841887
0.728648
0.728648
1
0.804792
0.804792
0.989333
0.993963
0.972479
0.993963
0.989333
0.989333
0.993963
0.922587
0.972479
0.993963
0.989333
0.811547
0.90778
0.691212
0.783716
0.783716
0.691212
0.811547
1
1
1
1
1
1
1
1
1
1
1
1
1
1
1
1
1
1
1
1
1
1
1
1
1
1
1
1
1
1
1
1
1
1
1
1
1
1
1
1
1
1
1
0.795177
0.70483
0.795177
0.70483
1
1
1
1
1
1
1
1
1
1
1
1
1
1
0.803011
0.803011
0.803011
0.803011
1
1
1
1
0.795177
0.70483
0.795177
0.70483
1
1
1
1
1
1
1
1
1
1
1
1
1
1
1
1
1
1
1
1
1
1
0.691212
0.783716
0.90778
0.811547
0.811547
0.90778
0.783716
0.691212
1
1
1
1
0.803011
0.803011
1
1
1
1
0.795177
0.70483
0.795177
0.70483
1
1
1
1
1
1
1
1
1
1
1
1
1
1
1
1
1
0.803011
0.803011
1
1
1
1
0.795177
0.70483
0.795177
0.70483
1
1
1
1
1
1
1
1
1
1
1
1
1
1
1
1
1
1
1
1
1
0.691212
0.783716
0.90778
0.811547
0.811547
0.90778
0.783716
0.691212
1
1
1
1
0.803011
0.803011
1
1
1
1
0.795177
0.70483
0.795177
0.70483
1
1
1
1
1
1
1
1
1
1
1
1
1
1
1
1
1
0.803011
0.803011
1
1
1
1
0.795177
0.70483
0.795177
0.70483
1
1
1
1
1
1
1
1
1
1
1
1
1
1
1
1
1
1
1
1
0.691212
0.783716
0.90778
0.811547
0.811547
0.90778
0.783716
0.691212
1
1
1
1
1
1
1
1
1
1
1
1
1
1
1
1
1
1
1
1
1
1
1
1
1
1
1
1
1
1
1
1
1
1
1
1
0.841887
0.728648
0.728648
0.804792
1
0.804792
0.804792
1
0.804792
1
1
1
1
1
1
1
1
1
1
1
1
1
1
1
1
1
1
0.971345
0.989043
0.838167
0.933372
0.989043
0.971345
0.925753
0.968159
0.925753
0.968159
0.99036
0.968159
0.925753
0.925753
0.99036
0.968159
0.968159
0.922587
0.972479
0.989333
0.993963
0.989333
0.993963
0.838167
0.933372
0.838167
0.971345
0.989043
0.971345
0.989043
0.803011
0.803011
1
1
1
1
0.795177
0.70483
0.795177
0.70483
1
1
1
1
1
1
1
1
1
1
1
1
1
1
1
1
1
1
1
1
1
0.795177
0.70483
0.795177
0.70483
1
1
1
1
1
1
1
1
1
1
1
1
1
1
1
1
1
1
0.803011
0.803011
0.99036
0.968159
0.968159
0.925753
0.99036
0.968159
0.925753
0.922587
0.972479
0.989333
0.993963
0.989333
0.993963
0.971345
0.989043
0.933372
0.838167
0.989043
0.971345
0.971345
0.989043
0.933372
0.838167
0.989043
0.971345
0.968159
0.925753
0.925753
1
1
1
1
0.783716
0.691212
0.811547
0.783716
0.691212
0.811547
0.90778
1
1
1
1
1
1
1
1
1
1
1
1
0.841887
0.728648
0.728648
0.804792
1
0.804792
0.804792
1
0.804792
1
1
1
1
1
1
1
1
1
1
1
1
1
1
1
1
1
1
0.968159
0.99036
0.968159
0.925753
0.925753
0.99036
0.968159
0.968159
0.971345
0.989043
0.838167
0.933372
0.989043
0.971345
0.922587
0.972479
0.989333
0.993963
0.989333
0.993963
0.968159
0.925753
0.925753
0.838167
0.933372
0.971345
0.989043
0.971345
0.989043
0.803011
0.803011
1
1
1
1
0.795177
0.70483
0.795177
0.70483
1
1
1
1
1
1
1
1
1
1
1
1
1
1
1
1
1
1
1
1
1
0.795177
0.70483
0.795177
0.70483
1
1
1
1
1
1
1
1
1
1
1
1
1
1
1
1
1
0.803011
0.803011
0.99036
0.968159
0.968159
0.925753
0.99036
0.925753
0.922587
0.972479
0.989333
0.993963
0.989333
0.993963
0.971345
0.989043
0.933372
0.838167
0.838167
0.989043
0.971345
0.971345
0.989043
0.933372
0.838167
0.989043
0.971345
0.968159
0.925753
0.925753
0.783716
0.691212
0.811547
0.783716
0.691212
0.811547
0.90778
1
1
1
1
1
1
1
1
1
1
1
1
1
1
1
1
1
1
1
1
1
0.841887
0.728648
0.728648
0.804792
1
0.804792
0.804792
1
0.804792
1
1
1
1
1
1
1
1
1
0.968159
0.99036
0.968159
0.925753
0.925753
0.99036
0.968159
0.968159
0.971345
0.989043
0.838167
0.933372
0.989043
0.971345
0.922587
0.972479
0.989333
0.993963
0.989333
0.993963
0.968159
0.925753
0.925753
0.838167
0.933372
0.971345
0.989043
0.971345
0.989043
1
1
1
1
1
1
0.795177
0.70483
0.795177
0.70483
1
1
1
1
1
1
1
1
1
1
1
1
1
1
0.803011
0.803011
0.803011
0.803011
1
1
1
1
0.795177
0.70483
0.795177
0.70483
1
1
1
1
1
1
1
1
1
1
1
1
1
1
1
1
1
1
0.971345
0.989043
0.933372
0.838167
0.838167
0.989043
0.971345
0.925753
0.925753
0.99036
0.968159
0.968159
0.925753
0.99036
0.968159
0.925753
0.922587
0.972479
0.989333
0.993963
0.989333
0.993963
0.933372
0.838167
0.838167
0.971345
0.989043
0.971345
0.989043
1
1
1
1
1
1
0.783716
0.691212
0.811547
0.783716
0.691212
0.811547
0.90778
1
1
1
1
1
1
1
1
1
1
1
1
1
1
1
1
1
1
1
1
1
1
1
1
1
1
1
1
1
1
1
1
1
1
1
1
1
1
1
1
1
1
1
1
1
1
1
1
1
1
1
1
1
1
1
1
1
1
1
1
1
1
1
1
1
1
1
1
1
1
1
1
1
1
1
1
1
1
1
1
1
1
1
1
1
1
1
1
1
1
1
1
1
1
1
1
1
1
1
1
1
1
1
1
1
1
1
1
1
1
1
1
1
1
1
1
1
1
1
1
1
1
1
1
1
1
1
1
1
1
1
1
1
1
1
1
1
1
1
1
1
1
1
1
1
1
1
1
1
1
1
1
1
1
1
1
1
1
1
1
1
1
1
1
1
1
1
1
1
1
1
1
1
1
1
1
1
1
1
1
1
1
1
1
1
1
1
1
1
1
1
1
1
1
1
1
1
1
1
1
1
1
1
1
1
1
1
1
1
1
1
1
1
1
1
1
1
1
1
1
1
1
1
1
1
1
1
1
1
1
1
1
1
1
1
1
1
1
1
1
1
1
1
1
1
1
1
1
1
1
1
1
1
1
1
1
1
1
1
1
1
1
1
1
1
1
1
1
1
1
1
1
1
1
1
1
1
1
1
1
1
1
1
1
1
1
1
1
1
1
1
1
1
1
1
1
1
1
1
1
1
1
1
1
1
1
1
1
1
1
1
1
1
1
1
1
1
1
1
1
1
1
1
1
1
1
1
1
1
1
1
1
1
1
1
1
1
1
1
1
1
1
1
1
1
1
1
1
1
1
1
1
1
1
1
1
1
1
1
1
1
1
1
1
1
1
1
1
1
1
1
1
1
1
1
1
1
1
1
1
1
1
1
1
1
1
1
1
1
1
1
1
1
1
1
1
1
1
1
1
1
1
1
1
1
1
1
1
1
1
1
1
1
1
1
1
1
1
1
1
1
1
1
1
1
1
1
1
1
1
1
1
1
1
1
1
1
1
1
1
1
1
1
1
1
1
1
1
1
1
1
1
1
1
1
1
1
1
1
1
1
1
1
1
1
1
1
1
1
1
1
1
1
1
1
1
1
1
1
1
1
1
1
1
1
1
1
1
1
1
1
1
1
1
1
1
1
1
1
1
1
1
1
1
1
1
1
1
1
1
1
1
1
1
1
1
1
1
1
1
1
1
1
1
1
1
1
1
1
1
1
1
1
1
1
1
1
1
1
1
1
1
1
1
1
1
1
1
1
1
1
1
1
1
1
1
1
1
1
1
1
1
1
1
1
1
1
1
1
1
1
1
1
1
1
1
1
1
1
1
1
1
1
1
1
1
1
1
1
1
1
1
1
1
1
1
1
1
1
1
1
1
1
1
1
1
1
1
1
1
1
1
1
1
1
1
1
1
1
1
1
1
1
1
1
1
1
1
1
1
1
1
1
1
1
1
1
1
1
1
1
1
1
1
1
1
1
1
1
1
1
1
1
1
1
1
1
1
1
1
1
1
1
1
1
1
1
1
1
1
1
1
1
1
1
1
1
1
1
1
1
1
1
1
1
1
1
1
1
1
1
1
1
1
1
1
1
1
1
1
1
1
1
1
1
1
1
1
1
1
1
1
1
1
1
1
1
1
1
1
1
1
1
1
1
1
1
1
1
1
1
1
1
1
1
1
1
1
1
1
1
1
1
1
1
1
1
1
1
1
1
1
1
1
1
1
1
1
1
1
1
1
1
1
1
1
1
1
1
1
1
1
1
1
1
1
1
1
1
1
1
1
1
1
1
1
1
1
1
1
1
1
1
1
1
1
1
1
1
1
1
1
1
1
1
1
1
1
1
1
1
1
1
1
1
1
1
1
1
1
1
1
1
1
1
1
1
1
1
1
1
1
1
1
1
1
1
1
1
1
1
1
1
1
1
1
1
1
1
1
1
1
1
1
1
1
1
1
1
1
1
1
1
1
1
1
1
1
1
1
1
1
1
1
1
1
1
1
1
1
1
1
1
1
1
1
1
1
1
1
1
1
1
1
1
1
1
1
1
1
1
1
1
1
1
1
1
1
1
1
1
1
1
1
1
1
1
1
1
1
1
1
1
1
1
1
1
1
1
1
1
1
1
1
1
1
1
1
1
1
1
1
1
1
1
1
1
1
1
1
1
1
1
1
1
1
1
1
1
1
1
1
1
1
1
1
1
1
1
1
1
1
1
1
1
1
1
1
1
1
1
1
1
1
1
1
1
1
1
1
1
1
1
1
1
1
1
1
1
1
1
1
1
1
1
1
1
1
1
1
1
1
1
1
1
1
1
1
1
1
1
1
1
1
1
1
1
1
1
1
1
1
1
1
1
1
1
1
1
1
1
1
1
1
1
1
1
1
1
1
1
1
1
1
1
1
1
1
1
1
1
1
1
1
1
1
1
1
1
1
1
1
1
1
1
1
1
1
1
1
1
1
1
1
1
1
1
1
1
1
1
1
1
1
1
1
1
1
1
1
1
1
1
1
1
1
1
1
1
1
1
1
1
1
1
1
1
1
1
1
1
1
1
1
1
1
1
1
1
1
1
1
1
1
1
1
1
1
1
1
1
1
1
1
1
1
1
1
1
1
1
1
1
1
1
1
1
1
1
1
1
1
1
1
1
1
1
1
1
1
1
1
1
1
1
1
1
1
1
1
1
1
1
1
1
1
1
1
1
1
1
1
1
1
1
1
1
1
1
1
1
1
1
1
1
1
1
1
1
1
1
1
1
1
1
1
1
1
1
1
1
1
1
1
1
1
1
1
1
1
1
1
1
1
1
1
1
1
1
1
1
1
1
1
1
1
1
1
1
1
1
1
1
1
1
1
1
1
1
1
1
1
1
1
1
1
1
1
1
1
1
1
1
1
1
1
1
1
1
1
1
1
1
1
1
1
1
1
1
1
1
1
1
1
1
1
1
1
1
1
1
1
1
1
1
1
1
1
1
1
1
1
1
1
1
1
1
1
1
1
1
1
1
1
1
1
1
1
1
1
1
1
1
1
1
1
1
1
1
1
1
1
1
1
1
1
1
1
1
1
1
1
1
1
1
1
1
1
1
1
1
1
1
1
1
1
1
1
1
1
1
1
1
1
1
1
1
1
1
1
1
1
1
1
1
1
1
1
1
1
1
1
1
1
1
1
1
1
1
1
1
1
1
1
1
1
1
1
1
1
1
1
1
1
1
1
1
1
1
1
1
1
1
1
1
1
1
1
1
1
1
1
1
1
1
1
1
1
1
1
1
1
1
1
1
1
1
1
1
1
1
1
1
1
1
1
1
1
1
1
1
1
1
1
1
1
1
1
1
1
1
1
1
1
1
1
1
1
1
1
1
1
1
1
1
1
1
1
1
1
1
1
1
1
1
1
1
1
1
1
1
1
1
1
1
1
1
1
1
1
1
1
1
1
1
1
1
1
1
1
1
1
1
1
1
1
1
1
1
1
1
1
1
1
1
1
1
1
1
1
1
1
1
1
1
1
1
1
1
1
1
1
1
1
1
1
1
1
1
1
1
1
1
1
1
1
1
1
1
1
1
1
1
1
1
1
1
1
1
1
1
1
1
1
1
1
1
1
1
1
1
1
1
1
1
1
1
1
1
1
1
1
1
1
1
1
1
1
1
1
1
1
1
1
1
1
1
1
1
1
1
1
1
1
1
1
1
1
1
1
1
1
1
1
1
1
1
1
1
1
1
1
1
1
1
1
1
1
1
1
1
1
1
1
1
1
1
1
1
1
1
1
1
1
1
1
1
1
1
1
1
1
1
1
1
1
1
1
1
1
1
1
1
1
1
1
1
1
1
1
1
1
1
1
1
1
1
1
1
1
1
1
1
1
1
1
1
1
1
1
1
1
1
1
1
1
1
1
1
1
1
1
1
1
1
1
1
1
1
1
1
1
1
1
1
1
1
1
1
1
1
1
1
1
1
1
1
1
1
1
1
1
1
1
1
1
1
1
1
1
1
1
1
1
1
1
1
1
1
1
1
1
1
1
1
1
1
1
1
1
1
1
1
1
1
1
1
1
1
1
1
1
1
1
1
1
1
1
1
1
1
1
1
1
1
1
1
1
1
1
1
1
1
1
1
1
1
1
1
1
1
1
1
1
1
1
1
1
1
1
1
1
1
1
1
1
1
1
1
1
1
1
1
1
1
1
1
1
1
1
1
1
1
1
1
1
1
1
1
1
1
1
1
1
1
1
1
1
1
1
1
1
1
1
1
1
1
1
1
1
1
1
1
1
1
1
1
1
1
1
1
1
1
1
1
1
1
1
1
1
1
1
1
1
1
1
1
1
1
1
1
1
1
1
1
1
1
1
0.841887
0.922587
0.841887
0.841887
0.922587
0.922587
0.841887
0.841887
0.841887
1
0.827968
1
0.999999
1
0.790226
1
1
1
0.814869
0.662059
1
0.699515
0.717283
1
1
1
0.585576
1
1
1
0.681976
0.617609
1
1
1
1
1
1
1
1
1
1
1
1
1
1
1
1
1
0.999992
1
0.999999
1
1
1
1
1
1
1
1
1
1
1
1
1
1
1
1
1
1
1
1
1
1
1
1
1
1
1
1
1
1
1
1
1
1
1
1
1
1
1
1
1
1
1
1
1
1
1
1
1
1
1
1
1
1
1
1
1
1
1
1
1
1
1
1
1
0.999985
0.999999
1
1
1
1
1
1
1
1
1
1
1
1
1
1
1
1
1
1
1
1
1
1
1
1
1
1
1
1
1
1
1
1
1
0.841887
1
0.894263
0.820506
1
1
1
1
1
1
1
0.999998
1
0.999999
0.665622
0.861311
0.752992
1
0.884819
0.840735
0.872916
0.780786
0.827293
1
0.771128
1
1
1
1
1
1
1
1
1
1
1
1
1
1
1
1
1
1
1
1
1
1
1
1
1
1
1
1
1
0.999998
0.999996
0.999996
0.999998
0.999998
1
1
1
1
1
1
1
1
1
1
1
1
1
1
1
1
1
1
1
1
1
1
1
1
1
1
1
1
1
1
1
1
1
1
1
1
1
1
1
1
1
1
1
1
1
1
1
1
1
1
1
1
1
1
1
1
1
1
1
1
1
0.999996
0.999996
0.999999
0.999998
0.999999
1
1
1
1
1
1
1
1
1
1
1
1
1
1
1
1
1
1
1
1
1
1
1
1
1
1
1
1
1
1
1
1
1
1
1
1
1
1
1
1
1
1
1
1
1
1
1
1
1
1
1
1
1
1
1
1
1
1
1
1
1
1
1
1
1
1
1
1
1
1
1
1
1
1
1
1
0.999998
1
1
1
1
1
1
1
1
1
1
1
1
1
1
1
1
1
1
1
1
1
1
1
0.999998
0.999985
0.999993
0.999998
0.999999
0.999993
0.999996
1
1
1
1
1
1
1
1
1
1
1
1
1
1
1
1
1
1
1
1
1
1
1
1
1
1
1
1
1
1
1
1
1
1
1
1
1
1
1
1
1
1
1
1
1
1
1
1
1
1
1
0.922587
0.841887
1
1
0.841752
1
0.837245
1
1
1
1
0.995607
0.967504
0.996094
0.967256
0.721751
0.643043
0.732596
0.685109
1
1
1
1
1
0.840171
0.711598
0.822385
0.952331
0.773499
0.982399
1
0.814851
0.654939
0.699691
0.734395
0.695007
0.657875
1
1
1
1
1
1
1
1
1
1
0.740867
1
1
0.868606
1
0.567587
0.734395
1
1
0.74366
0.865789
0.805286
0.69793
0.788698
0.787831
0.67623
0.881897
1
0.774322
1
1
1
1
1
1
1
1
1
0.74896
0.745085
1
1
1
1
1
1
1
1
1
1
0.826939
0.881135
1
1
1
0.773052
1
0.696567
0.752061
1
1
1
1
1
1
1
1
1
1
1
1
1
1
1
1
1
1
1
1
1
1
1
1
1
1
1
1
1
1
1
1
1
1
1
1
1
1
1
0.999999
1
0.999998
0.999999
0.999999
1
1
1
1
1
1
1
1
1
1
1
1
1
1
1
1
1
1
1
1
0.999999
0.999999
1
1
1
0.999999
0.999999
1
1
1
1
1
1
1
1
1
1
0.999999
1
0.999997
0.999999
0.999999
0.999997
0.999999
1
1
1
1
1
1
1
1
1
1
1
0.841887
1
1
1
0.699818
0.727695
0.728791
0.728522
1
1
1
1
0.921723
0.841282
1
1
1
1
0.806642
0.849914
0.989807
0.990357
0.932158
0.941075
0.994095
0.966418
0.8516
0.851188
1
1
0.778963
0.611253
0.861311
0.620714
1
1
1
1
1
1
1
1
1
0.805862
0.666404
1
0.779756
1
1
0.882614
0.820591
0.718534
0.708292
0.80683
0.89234
0.801747
0.771392
0.799811
0.687437
0.757137
0.884534
0.778246
0.772993
1
0.683287
0.672866
0.723288
1
1
0.737636
1
0.801905
0.586167
1
0.753127
0.649245
0.601115
0.791656
1
0.777076
0.713383
0.870934
1
0.754833
0.633237
0.637119
1
1
1
1
1
1
1
1
1
1
1
1
1
1
1
1
1
1
1
1
1
1
1
1
1
1
1
1
1
1
1
1
1
1
1
1
1
1
1
1
1
1
1
1
1
1
1
1
1
1
1
1
1
1
1
1
1
1
1
1
1
1
1
1
1
1
1
1
1
1
1
1
1
1
1
1
1
1
1
1
1
1
1
1
1
1
1
1
1
1
1
1
1
1
1
1
1
1
1
1
1
1
1
1
1
1
1
1
1
1
1
1
1
1
1
1
1
1
1
1
1
1
1
1
1
1
1
1
1
1
1
1
1
1
1
1
1
1
1
1
1
1
1
1
1
1
1
1
1
1
1
1
1
1
1
1
1
1
1
1
1
1
1
1
1
1
1
1
1
1
1
1
1
1
1
1
1
1
1
1
1
1
1
1
1
1
1
1
1
1
1
1
1
1
1
1
1
1
1
1
1
1
1
1
1
1
1
0.841887
0.922587
1
1
0.841887
1
1
0.841887
0.922587
1
1
0.922587
0.841887
1
0.728648
0.92258
0.841883
0.728646
0.996088
0.967505
0.996097
0.907769
0.967494
0.841874
1
1
0.97247
0.879104
0.805822
0.71965
0.705235
1
1
1
1
1
0.928107
0.805972
0.894565
1
1
1
1
1
1
1
1
1
1
1
1
1
1
1
1
1
1
1
1
1
1
1
1
1
1
1
1
1
1
1
0.996097
0.967505
0.996097
0.967505
0.90778
0.967505
0.996096
0.996097
0.90778
0.967505
1
0.841887
1
1
1
1
1
1
0.714918
0.912262
0.834285
0.723844
1
1
1
1
1
0.933349
0.838146
0.959629
0.910351
1
1
1
1
1
1
1
1
1
1
1
1
1
1
1
1
1
1
1
1
1
1
1
1
1
1
1
1
1
1
1
1
1
1
1
1
1
1
1
1
1
1
1
0.728793
0.728793
0.728793
0.728793
1
1
1
0.922587
0.841887
1
1
1
1
1
1
1
1
1
1
1
1
0.691201
1
0.804792
1
0.804791
0.811543
0.922548
0.841861
0.728567
0.728633
0.69121
0.811524
1
0.804762
0.804786
0.726552
0.728764
0.728793
0.728788
0.847946
0.851555
0.962654
0.903359
0.991795
0.996045
0.96744
0.990349
0.99036
0.851603
0.851595
1
0.841816
1
1
1
1
1
1
1
1
1
0.995994
0.995066
0.99539
0.989321
0.987695
0.967497
0.987686
0.972427
0.996078
0.995472
0.995459
0.987383
0.967457
0.987634
0.989264
0.70984
0.800396
0.770878
0.685154
1
1
1
1
1
1
1
1
0.656566
0.628715
0.824858
0.761058
0.676335
0.801327
1
0.795761
0.78521
0.766581
1
0.784658
0.750692
0.676408
1
1
1
1
1
1
1
1
1
1
1
1
1
1
1
1
1
1
0.820885
0.911247
0.952642
0.926659
0.744231
0.78071
0.821018
0.909028
0.908119
0.872144
0.948397
0.926505
0.973257
0.94838
0.895721
0.80414
0.871686
0.895856
0.958765
0.981791
0.958089
0.843368
0.932955
0.882127
1
1
1
1
1
1
1
1
1
1
1
1
1
1
1
1
1
1
1
1
1
1
1
1
1
1
1
1
1
1
1
1
1
1
1
1
1
1
1
1
1
1
1
1
1
1
1
1
1
1
1
1
1
1
1
1
1
1
1
1
1
1
1
1
1
1
1
1
1
1
1
1
1
1
1
1
1
1
1
1
1
1
1
1
1
1
1
1
1
1
1
1
1
1
1
1
1
1
1
1
1
1
1
1
1
1
1
1
1
1
1
1
1
1
1
1
1
1
1
1
1
1
1
1
1
1
1
1
1
1
1
1
1
1
1
1
1
1
1
0.851603
0.851603
0.99036
0.99036
0.996097
0.967505
0.967505
0.996097
0.851603
0.851603
0.728793
0.728793
0.728793
0.728793
0.99036
0.99036
0.851603
0.851603
0.851603
0.851603
0.996097
0.967505
0.996097
0.967505
1
1
1
1
1
0.841887
1
1
1
1
1
1
1
0.791922
0.717427
0.724977
0.802589
1
1
1
1
1
1
1
1
1
1
0.80301
0.728782
0.802907
0.728736
1
1
1
1
1
1
1
1
1
1
1
1
1
1
1
1
1
1
1
0.799458
1
0.802938
0.804597
1
0.687381
1
0.690084
0.91936
0.83957
0.728279
0.727209
0.809438
1
0.804652
0.804241
1
1
1
1
1
1
1
1
1
1
1
1
1
1
1
1
0.871027
0.83403
0.944938
0.845717
0.923669
0.990242
0.971323
0.933247
0.838057
0.990339
0.968156
0.968137
0.971224
0.973654
0.946305
0.954562
0.9723
0.946608
0.9749
0.976941
0.989071
0.993781
0.98943
0.968391
0.963449
0.986356
0.982789
0.984245
0.92575
0.851587
0.925237
0.851515
0.947807
0.925524
0.963415
1
1
1
1
1
1
1
1
1
1
1
1
1
1
1
1
1
1
1
1
1
1
1
1
1
1
1
1
1
1
1
1
1
1
1
1
1
1
1
1
1
1
1
1
1
1
1
1
1
1
1
1
1
1
1
1
1
1
1
1
1
1
1
1
1
1
1
1
1
1
1
1
1
1
1
1
1
1
1
1
1
1
1
1
1
1
1
1
1
1
1
1
1
1
1
1
1
1
1
1
1
1
1
1
1
1
1
1
1
1
1
1
1
1
1
1
1
1
1
1
1
1
1
1
1
1
1
1
1
1
1
1
1
1
1
1
1
1
1
1
1
1
1
1
1
1
1
1
1
1
1
1
1
1
1
0.841887
1
1
0.841887
0.922587
1
1
0.841887
1
0.728648
0.922587
0.841887
0.728648
0.972478
0.841887
0.728648
0.728648
1
1
1
1
1
1
0.972479
0.972479
0.728648
0.841887
0.728648
1
1
1
1
1
1
1
1
1
1
1
1
0.967505
0.996097
0.996097
0.967505
0.996097
0.967505
0.967505
0.996097
0.996097
0.967505
0.967505
0.996097
0.996097
0.967505
0.967505
0.996097
0.996097
0.967505
0.967505
0.996097
0.967505
0.996097
0.996097
0.90778
0.967505
1
1
1
1
1
0.922587
0.841887
0.728648
0.728648
1
1
1
1
1
1
1
1
1
1
0.970883
0.838167
0.933372
0.837038
0.932079
0.725676
0.84055
0.727804
1
1
1
1
1
1
1
1
1
1
1
1
1
1
1
1
1
1
1
1
1
1
1
1
1
1
1
1
1
1
1
1
1
1
1
1
1
1
1
1
1
1
1
1
1
1
1
1
1
1
0.933372
0.838167
0.972479
0.933372
0.838167
0.933372
0.972479
0.933372
1
1
1
1
1
1
1
1
1
1
1
0.841887
0.728648
0.728648
1
1
1
1
1
1
1
1
1
1
1
1
1
1
1
1
1
1
1
1
1
1
1
1
1
1
1
1
1
1
1
1
1
1
1
1
1
1
1
1
1
1
1
1
1
1
1
1
1
1
1
1
1
1
1
1
1
1
1
1
1
1
1
1
1
1
1
1
1
1
1
1
1
1
1
1
1
0.728793
0.728793
0.728793
0.728793
1
1
1
0.841887
0.922587
1
1
1
1
1
0.728793
0.728793
0.728793
0.728793
1
1
1
0.841887
1
1
1
1
1
0.728793
0.728793
0.728793
0.728793
1
1
1
0.841887
1
1
1
1
1
1
1
1
1
1
1
1
0.691212
1
1
0.804792
1
0.804792
0.811547
0.922587
0.841887
0.728648
0.728648
0.691212
1
0.804792
0.804792
0.811547
1
1
1
1
1
0.996095
0.995465
0.995473
0.972476
0.989333
0.987696
0.90778
0.967505
0.987696
0.996097
0.995474
0.995474
0.987687
0.907779
0.967503
0.987695
0.989331
0.691212
1
0.841885
0.728641
0.728647
0.804792
1
0.804792
0.811547
0.691212
1
1
0.811545
0.804789
1
0.804792
1
1
1
1
1
1
1
1
1
1
1
1
1
1
1
1
1
1
1
1
1
1
1
1
1
1
1
1
1
1
1
1
1
1
1
1
1
1
0.996097
0.995474
0.995474
0.989333
0.987696
0.967505
0.987696
0.972479
0.996097
0.995474
0.995474
0.989333
0.987696
0.967505
0.987696
1
1
1
1
1
1
1
0.989333
0.987696
0.90778
0.967505
0.987696
0.995473
0.996097
0.995474
0.996097
0.995474
0.995474
0.972479
0.989333
0.90778
0.967505
0.987696
0.987696
0.804792
1
0.804792
0.811547
0.691212
0.691212
1
1
0.841887
0.728648
0.728648
1
0.804792
0.804792
0.811547
1
1
1
1
1
1
1
1
1
1
1
1
1
1
1
1
1
1
1
1
1
1
1
1
1
1
1
1
1
1
1
1
1
1
1
1
1
1
1
1
1
1
1
1
1
1
1
1
1
1
1
1
1
1
1
1
1
1
1
1
1
1
1
1
1
1
1
1
1
1
1
1
1
1
1
1
0.99036
0.99036
0.851603
0.851603
0.851603
0.851603
0.996097
0.967505
0.967505
0.996097
0.728793
0.728793
0.728793
0.728793
0.851603
0.851603
0.996097
0.967505
0.996097
0.967505
0.90778
0.99036
0.99036
0.851603
0.851603
0.851603
0.851603
0.99036
0.99036
0.996097
0.967505
0.967505
0.996097
0.851603
0.851603
0.728793
0.728793
0.728793
0.728793
0.851603
0.851603
0.996097
0.967505
0.996097
0.967505
0.99036
0.99036
0.851603
0.851603
0.851603
0.851603
0.99036
0.99036
0.996097
0.967505
0.967505
0.996097
0.851603
0.851603
0.728793
0.728793
0.728793
0.728793
0.99036
0.99036
0.851603
0.851603
0.851603
0.851603
0.996097
0.967505
0.996097
0.967505
0.90778
1
1
0.728793
0.803011
0.803011
0.728793
1
1
1
1
1
1
1
1
1
1
1
0.803011
0.728793
0.803011
0.728793
1
1
1
1
1
1
1
1
1
1
1
1
1
1
1
1
1
1
1
1
0.691212
1
0.841887
0.728648
0.728648
0.804792
1
0.804792
0.811547
0.804792
1
0.804792
0.811547
0.691212
1
1
1
1
1
1
1
1
1
1
1
1
1
1
1
1
1
1
1
1
1
1
1
1
1
1
1
1
1
1
1
1
1
1
1
1
1
1
1
1
1
1
1
1
1
1
1
1
0.802184
0.728182
0.72865
0.803001
1
1
1
1
1
1
1
1
1
1
1
1
1
0.803011
0.728793
0.803009
0.728792
0.921077
0.963142
0.850597
0.966757
0.851365
0.925688
0.987956
0.983145
0.966166
0.906544
0.986465
0.99119
0.994941
0.994327
0.995831
0.995423
0.995211
0.972085
0.967186
0.907481
0.987639
0.98741
0.989005
0.990358
0.968146
0.968157
0.971344
0.838165
0.93337
0.99036
0.968159
0.971343
0.970125
0.837891
0.933062
0.97106
0.925753
0.968159
0.851603
0.925741
0.851602
0.803653
1
0.804472
0.810677
1
0.690759
1
0.691108
1
1
0.841555
0.728605
0.728443
0.811339
1
0.804776
0.804715
1
1
1
1
1
1
1
1
1
1
1
1
1
1
1
1
1
1
1
1
1
1
1
1
1
1
1
1
1
1
1
1
1
1
1
1
1
1
1
1
1
1
1
1
1
1
1
1
1
1
1
1
1
1
1
1
1
1
1
1
1
1
1
1
1
1
1
1
1
1
1
1
1
1
1
1
1
1
1
1
1
1
1
1
1
1
1
1
1
1
1
1
1
1
1
1
1
1
1
1
1
1
1
1
1
1
1
1
1
1
1
1
1
1
1
1
1
1
1
1
1
1
1
1
1
1
1
1
1
1
1
1
1
1
1
1
1
1
1
1
1
1
1
1
1
1
1
1
1
1
1
1
1
1
1
1
1
1
1
1
1
1
1
1
1
1
1
1
1
1
1
1
1
1
1
1
1
1
1
1
1
1
1
1
1
1
1
1
1
1
1
1
1
1
1
1
1
1
0.851603
0.925753
0.925753
0.851603
0.99036
0.968159
0.968159
0.971345
0.933372
0.838167
0.99036
0.971345
0.995474
0.996097
0.995474
0.972479
0.989333
0.967505
0.987696
0.987696
0.989333
0.987696
0.967505
0.987696
0.996097
0.995474
0.995474
0.925753
0.968159
0.851603
0.968159
0.925753
0.851603
0.933372
0.838167
0.971345
0.971345
1
1
0.803011
0.728793
0.728793
0.803011
0.803011
0.728793
0.803011
0.728793
1
1
1
1
1
1
1
1
1
1
1
0.971345
0.99036
0.968159
0.99036
0.968159
0.968159
0.933372
0.971345
0.925752
0.968159
0.851603
0.851603
0.925753
0.925753
0.968159
0.851603
0.925753
0.851603
0.996097
0.995474
0.995474
0.972479
0.989333
0.987696
0.967505
0.987696
0.989333
0.996097
0.995474
0.995474
0.987696
0.967505
0.90778
0.987696
0.933372
0.971345
0.971345
1
1
1
1
1
1
1
1
1
1
1
1
1
1
1
1
1
1
1
1
1
1
1
1
1
1
1
1
1
1
1
0.691212
1
0.841887
0.728648
0.728648
0.804792
1
0.804792
0.811547
0.804792
1
0.804792
0.691212
0.811547
1
1
1
1
1
1
1
1
1
1
1
1
1
1
1
1
1
1
1
1
1
1
1
1
1
1
1
1
1
1
1
1
1
1
1
1
1
1
1
1
1
1
1
1
1
1
1
1
1
1
1
1
1
1
1
1
1
1
1
1
1
1
1
1
1
1
1
1
1
1
1
1
1
1
1
1
1
1
1
1
1
1
1
1
1
1
1
1
1
1
1
1
1
1
1
1
1
1
1
1
1
1
1
1
1
1
1
1
1
1
1
1
1
1
1
1
1
1
1
1
1
1
1
1
1
1
1
1
1
1
1
1
1
1
1
1
1
1
1
1
1
1
1
1
1
1
1
1
1
1
1
1
1
1
1
1
1
1
1
1
1
1
1
1
1
1
1
1
1
1
1
1
1
1
1
1
1
1
1
1
1
1
1
1
1
1
1
1
1
1
1
1
1
1
1
1
1
1
1
1
1
1
1
1
1
1
1
1
1
1
1
1
1
1
1
1
1
1
1
1
1
1
1
1
1
1
1
1
1
1
1
1
1
1
1
1
1
1
1
1
1
1
1
1
1
1
1
1
1
1
1
1
1
1
1
1
1
1
1
1
1
1
1
1
1
1
1
1
1
1
1
1
1
1
0.728648
0.841887
0.922587
0.728648
0.728648
0.841887
0.922587
0.728648
0.728648
0.841887
0.922587
0.728648
0.972479
0.972479
0.972479
0.972479
0.972479
0.972479
1
1
1
1
1
1
1
1
1
1
1
1
1
1
1
1
1
1
1
1
1
1
1
1
1
1
1
1
1
1
1
1
1
1
1
1
1
1
1
1
1
0.841887
0.728648
0.728648
1
1
1
1
1
1
1
1
1
1
0.841887
0.922587
0.728648
0.728648
1
1
1
1
1
1
1
1
1
1
0.841887
0.922587
0.728648
0.728648
1
1
1
1
1
1
1
1
1
1
1
1
1
1
1
1
1
1
1
1
0.838167
0.933372
0.972479
0.933372
0.972479
0.933372
0.933372
0.838167
1
1
1
1
0.838167
0.933372
0.972479
0.838167
0.933372
0.972479
0.933372
0.933372
0.838167
1
1
1
1
0.933372
0.972479
0.838167
0.933372
0.933372
0.838167
0.972479
0.933372
1
1
1
1
1
1
1
1
1
1
1
1
1
1
1
1
1
1
1
1
1
1
1
1
1
1
1
1
1
1
1
1
1
1
1
1
1
1
1
1
1
1
1
1
1
1
1
1
1
1
1
1
1
1
1
1
1
1
1
1
1
1
1
1
1
1
1
1
1
1
1
1
1
1
1
1
1
1
1
1
1
1
1
1
1
1
1
1
1
1
1
1
1
1
1
1
1
1
1
1
1
1
1
1
1
1
1
1
1
1
1
1
1
1
1
1
1
1
1
1
1
1
1
1
1
1
1
1
1
1
1
1
1
1
1
1
1
1
1
1
1
1
1
1
1
1
1
1
1
1
1
1
1
1
1
1
1
1
1
1
1
1
1
1
1
1
1
1
1
1
1
1
1
1
1
1
1
1
1
1
1
1
1
1
1
1
1
1
1
1
1
1
1
1
1
1
1
1
1
1
1
1
1
1
1
1
1
1
1
1
1
1
1
1
1
1
1
1
1
1
0.804792
1
0.804792
0.811547
0.691212
0.691212
1
1
0.841887
0.922587
0.728648
0.728648
1
0.804792
0.804792
0.811547
1
1
1
1
1
1
1
1
0.691212
1
0.804792
1
0.804792
0.811547
0.841887
0.922587
0.728648
0.728648
0.691212
1
0.804792
0.804792
0.811547
1
1
1
1
1
1
1
1
0.691212
0.804792
1
0.804792
0.811547
0.841887
0.922587
0.728648
0.728648
0.691212
1
1
1
0.804792
0.804792
0.811547
0.989333
0.987696
0.967505
0.987696
0.995474
0.996097
0.995474
0.996097
0.995474
0.995474
0.972479
0.967505
0.987696
0.987696
0.989333
1
1
1
1
1
0.995474
0.996097
0.995474
0.972479
0.989333
0.90778
0.967505
0.987696
0.987696
0.989333
0.987696
0.90778
0.967505
0.987696
0.996097
0.995474
0.995474
0.691212
1
1
0.811547
0.691212
0.811547
0.995474
0.996097
0.995474
0.989333
0.967505
0.987696
0.987696
0.972479
0.987696
0.967505
0.987696
0.996097
0.995474
0.995474
0.989333
1
1
1
1
0.995474
0.996097
0.995474
0.972479
0.989333
0.90778
0.967505
0.987696
0.987696
0.989333
0.987696
0.90778
0.967505
0.987696
0.996097
0.995474
0.995474
0.691212
1
0.811547
0.691212
1
1
0.811547
0.995474
0.996097
0.995474
0.989333
0.967505
0.987696
0.987696
0.972479
0.987696
0.967505
0.987696
0.996097
0.995474
0.995474
0.989333
1
1
1
1
1
1
1
0.989333
0.987696
0.967505
0.987696
0.995474
0.996097
0.995474
0.996097
0.995474
0.995474
0.972479
0.989333
0.90778
0.967505
0.987696
0.987696
0.811547
1
0.691212
0.691212
0.811547
1
1
1
1
1
1
1
1
1
1
1
1
1
1
1
1
1
1
1
1
1
1
1
1
1
1
1
1
1
1
1
1
1
1
1
1
1
1
1
1
1
1
1
1
1
1
1
1
1
1
1
1
1
1
1
1
1
1
1
1
1
1
1
1
1
1
1
1
1
1
1
1
1
1
1
1
1
1
1
1
1
1
1
1
1
1
1
1
1
1
1
1
1
1
1
1
1
1
1
1
1
1
1
1
1
1
1
1
1
1
1
1
1
1
1
1
1
1
1
1
1
1
1
1
1
1
1
1
1
1
1
1
1
1
1
1
1
1
1
1
1
1
1
1
1
1
1
1
1
1
1
1
1
1
1
1
1
1
1
1
1
1
1
1
1
1
1
1
1
1
1
1
1
1
1
1
1
1
1
1
1
1
1
1
1
1
1
1
1
1
1
1
1
1
1
1
1
1
1
1
1
1
1
1
1
1
1
1
1
1
1
1
1
1
1
1
1
1
1
1
1
1
1
1
1
1
1
1
1
1
1
0.803011
0.728793
0.728793
0.803011
0.728793
0.803011
0.803011
0.728793
1
1
1
1
1
1
1
1
1
1
1
1
1
1
1
1
1
1
1
1
1
1
1
1
0.691212
1
1
0.841887
0.728648
0.728648
0.804792
1
0.804792
0.811547
0.804792
1
0.804792
0.811547
0.691212
1
1
1
1
1
1
1
1
1
1
1
1
1
1
1
1
1
1
0.728793
0.803011
0.803011
0.728793
1
1
1
1
1
1
0.803011
0.728793
0.803011
0.728793
1
1
1
1
1
1
1
1
1
1
1
1
1
1
1
1
1
1
1
1
1
0.691212
1
0.841887
0.728648
0.728648
0.804792
1
0.804792
0.811547
0.804792
1
0.804792
0.811547
0.691212
1
1
1
1
1
1
1
1
1
1
1
1
1
1
1
1
1
1
0.728793
0.803011
0.803011
0.728793
1
1
1
1
1
1
1
1
0.803011
0.728793
0.803011
0.728793
1
1
1
1
1
1
1
1
1
1
1
1
1
1
1
1
1
1
1
1
0.691212
1
1
0.841887
0.728648
0.728648
0.804792
1
0.804792
0.811547
0.804792
1
0.804792
0.811547
0.691212
1
1
1
1
1
1
1
1
1
1
1
1
1
1
1
1
1
1
1
1
1
1
1
1
1
1
1
1
1
1
1
1
1
1
1
1
1
1
1
1
1
1
1
1
1
1
1
1
1
1
1
1
1
1
1
1
1
1
1
1
1
1
1
1
1
1
1
1
1
1
1
1
1
1
1
1
1
1
1
1
1
1
1
1
1
1
1
1
1
1
1
1
1
1
1
1
1
1
1
1
1
1
1
1
1
1
1
1
0.971345
0.968159
0.99036
0.968159
0.99036
0.968159
0.838167
0.933372
0.971345
0.925753
0.851603
0.851603
0.925753
0.851603
0.925753
0.925753
0.851603
0.995474
0.996097
0.995474
0.972479
0.989333
0.967505
0.987696
0.987696
0.987696
0.967505
0.987696
0.989333
0.996097
0.995474
0.995474
0.933372
0.971345
0.971345
0.803011
0.728793
0.803011
0.728793
1
1
1
1
1
1
1
1
1
1
1
1
0.803011
0.728793
0.803011
0.728793
0.925753
0.968159
0.851603
0.925753
0.851603
0.996097
0.995474
0.995474
0.972479
0.989333
0.987696
0.967505
0.90778
0.987696
0.989333
0.996097
0.995474
0.995474
0.987696
0.967505
0.987696
0.99036
0.968159
0.971345
0.933372
0.838167
0.971345
0.99036
0.971345
0.933372
0.838167
0.971345
0.851603
0.925753
0.968159
0.968159
0.925753
0.851603
0.691212
1
0.811547
0.691212
1
0.811547
1
1
1
1
1
1
1
1
1
1
1
1
0.851603
0.925753
0.925753
0.851603
0.968159
0.99036
0.971345
0.838167
0.933372
0.99036
0.968159
0.971345
0.995474
0.996097
0.995474
0.972479
0.989333
0.967505
0.987696
0.987696
0.987696
0.967505
0.987696
0.989333
0.996097
0.995474
0.995474
0.851603
0.925753
0.968159
0.925753
0.851603
0.838167
0.933372
0.971345
0.971345
0.803011
0.728793
0.803011
0.728793
1
1
1
1
1
1
1
1
1
1
1
1
1
1
1
1
1
0.803011
0.728793
0.803011
0.728793
0.925753
0.968159
0.851603
0.968159
0.925753
0.851603
0.996097
0.995474
0.995474
0.972479
0.989333
0.987696
0.967505
0.90778
0.987696
0.989333
0.996097
0.995474
0.995474
0.987696
0.967505
0.987696
0.99036
0.968159
0.971345
0.933372
0.971345
0.99036
0.971345
0.933372
0.838167
0.971345
0.851603
0.925753
0.968159
0.968159
0.925753
0.851603
0.691212
1
1
0.811547
0.691212
1
0.811547
1
1
1
1
1
1
1
1
1
1
1
1
0.851603
0.925753
0.925753
0.851603
0.968159
0.99036
0.971345
0.838167
0.933372
0.99036
0.968159
0.971345
0.995474
0.996097
0.995474
0.972479
0.989333
0.967505
0.987696
0.987696
0.987696
0.967505
0.987696
0.989333
0.996097
0.995474
0.995474
0.851603
0.925753
0.968159
0.925753
0.851603
0.838167
0.933372
0.971345
0.971345
1
1
1
0.803011
0.728793
0.728793
0.803011
0.803011
0.728793
0.803011
0.728793
1
1
1
1
1
1
1
1
1
1
0.971345
0.968159
0.99036
0.968159
0.99036
0.968159
0.968159
0.933372
0.971345
0.925753
0.851603
0.851603
0.925753
0.925753
0.968159
0.851603
0.925753
0.851603
0.996097
0.995474
0.995474
0.972479
0.989333
0.987696
0.967505
0.90778
0.987696
0.989333
0.996097
0.995474
0.995474
0.987696
0.967505
0.987696
0.933372
0.971345
0.971345
1
1
1
1
1
1
0.691212
1
0.811547
0.691212
1
0.811547
1
1
1
1
1
1
1
1
1
1
1
1
1
1
1
1
1
1
1
1
1
1
1
1
1
1
1
1
1
1
1
1
1
1
1
1
1
1
1
1
1
1
1
1
1
1
1
1
1
1
1
1
1
1
1
1
1
1
1
1
1
1
1
1
1
1
1
1
1
1
1
1
1
1
1
1
1
1
1
1
1
1
1
1
1
1
1
1
1
1
1
1
1
1
1
1
1
1
1
1
1
1
1
1
1
1
1
1
1
1
1
1
1
1
1
1
1
1
1
1
1
1
1
1
1
1
1
1
1
1
1
1
1
1
1
1
1
1
1
1
1
1
1
1
1
1
1
1
1
1
1
1
1
1
1
1
1
1
1
1
1
1
1
1
1
1
1
1
1
1
1
1
1
1
1
1
1
1
1
1
1
1
1
1
1
1
1
1
1
1
1
1
1
1
1
1
1
1
1
1
1
1
1
1
1
1
1
1
1
1
1
1
1
1
1
1
1
1
1
1
1
1
1
1
1
1
1
1
1
1
1
1
1
1
1
1
1
1
1
1
1
1
1
1
1
1
1
1
1
1
1
1
1
1
1
1
1
1
1
1
1
1
1
1
1
1
1
1
1
1
1
1
1
1
1
1
1
1
1
1
1
1
1
1
1
1
1
1
1
1
1
1
1
1
1
1
1
1
1
1
1
1
1
1
1
1
1
1
1
1
1
1
1
1
1
1
1
1
1
1
1
1
1
1
1
1
1
1
1
1
1
1
1
1
1
1
1
1
1
1
1
1
1
1
1
1
1
1
1
1
1
1
1
1
1
1
1
1
1
1
1
1
1
1
1
1
1
1
1
1
1
1
1
1
1
1
1
1
1
1
1
1
1
1
1
1
1
1
1
1
1
1
1
1
1
1
1
1
1
1
1
1
1
1
1
1
1
1
1
1
1
1
1
1
1
1
1
1
1
1
1
1
1
1
1
1
1
1
1
1
1
1
1
1
1
1
1
1
1
1
1
1
1
1
1
1
1
1
1
1
1
1
1
1
1
1
1
1
1
1
1
1
1
1
1
1
1
1
1
1
1
1
1
1
1
1
1
1
1
1
1
1
1
1
1
1
1
1
1
1
1
1
1
1
1
1
1
1
1
1
1
1
1
1
1
1
1
1
1
1
1
1
1
1
1
1
1
1
1
1
1
1
1
1
1
1
1
1
1
1
1
1
1
1
1
1
1
1
1
1
1
1
1
1
1
1
1
1
1
1
1
1
1
1
1
1
1
1
1
1
1
1
1
1
1
1
1
1
1
1
1
1
1
1
1
1
1
1
1
1
1
1
1
1
1
1
1
1
1
1
1
1
1
1
1
1
1
1
1
1
1
1
1
1
1
1
1
1
1
1
1
1
1
1
1
1
1
1
1
1
1
1
1
1
1
1
1
1
1
1
1
1
1
1
1
1
1
1
1
1
1
1
1
1
1
1
1
1
1
1
1
1
1
1
1
1
1
1
1
1
1
1
1
1
1
1
1
1
1
1
1
1
1
1
1
1
1
1
1
1
1
1
1
1
1
1
1
1
1
1
1
1
1
1
1
1
1
1
1
1
1
1
1
1
1
1
1
1
1
1
1
1
1
1
1
1
1
1
1
1
1
1
1
1
1
1
1
1
1
1
1
1
1
1
1
1
1
1
1
1
1
1
1
1
1
1
1
1
1
1
1
1
1
1
1
1
1
1
1
1
1
1
1
1
1
1
1
1
1
1
1
1
1
1
1
1
1
1
1
1
1
1
1
1
1
1
1
1
1
1
1
1
1
1
1
1
1
1
1
1
1
1
1
1
1
1
1
1
1
1
1
1
1
1
1
1
1
1
1
1
1
1
1
1
1
1
1
1
1
1
1
1
1
1
1
1
1
1
1
1
1
1
1
1
1
1
1
1
1
1
1
1
1
1
1
1
1
1
1
1
1
1
1
1
1
1
1
1
1
1
1
1
1
1
1
1
1
1
1
1
1
1
1
1
1
1
1
1
1
1
1
1
1
1
1
1
1
1
1
1
1
1
1
1
1
1
1
1
1
1
1
1
1
1
1
1
1
1
1
1
1
1
1
1
1
1
1
1
1
1
1
1
1
1
1
1
1
1
1
1
1
1
1
1
1
1
1
1
1
1
1
1
1
1
1
1
1
1
1
1
1
1
1
1
1
1
1
1
1
1
1
1
1
1
1
1
1
1
1
1
1
1
1
1
1
1
1
1
1
1
1
1
1
1
1
1
1
1
1
1
1
1
1
1
1
1
1
1
1
1
1
1
1
1
1
1
1
1
1
1
1
1
1
1
1
1
1
1
1
1
1
1
1
1
1
1
1
1
1
1
1
1
1
1
1
1
1
1
1
1
1
1
1
1
1
1
1
1
1
1
1
1
1
1
1
1
1
1
1
1
1
1
1
1
1
1
1
1
1
1
1
1
1
1
1
1
1
1
1
1
1
1
1
1
1
1
1
1
1
1
1
1
1
1
1
1
1
1
1
1
1
1
1
1
1
1
1
1
1
1
1
1
1
1
1
1
1
1
1
1
1
1
1
1
1
1
1
1
1
1
1
1
1
1
1
1
1
1
1
1
1
1
1
1
1
1
1
1
1
1
1
1
1
1
1
1
1
1
1
1
1
1
1
1
1
1
1
1
1
1
1
1
1
1
1
1
1
1
1
1
1
1
1
1
1
1
1
1
1
1
1
1
1
1
1
1
1
1
1
1
1
1
1
1
1
1
1
1
1
1
1
1
1
1
1
1
1
1
1
1
1
1
1
1
1
1
1
1
1
1
1
1
1
1
1
1
1
1
1
1
1
1
1
1
1
1
1
1
1
1
1
1
1
1
1
1
1
1
1
1
1
1
1
1
1
1
1
1
1
1
1
1
1
1
1
1
1
1
1
1
1
1
1
1
1
1
1
1
1
1
1
1
1
1
1
1
1
1
1
1
1
1
1
1
1
1
1
1
1
1
1
1
1
1
1
1
1
1
1
1
1
1
1
1
1
1
1
1
1
1
1
1
1
1
1
1
1
1
1
1
1
1
1
1
1
1
1
1
1
1
1
1
1
1
1
1
1
1
1
1
1
1
1
1
1
1
1
1
1
1
1
1
1
1
1
1
1
1
1
1
1
1
1
1
1
1
1
1
1
1
1
1
1
1
1
1
1
1
1
1
1
1
1
1
1
1
1
1
1
1
1
1
1
1
1
1
1
1
1
1
1
1
1
1
1
1
1
1
1
1
1
1
1
1
1
1
1
1
1
1
1
1
1
1
1
1
1
1
1
1
1
1
1
1
1
1
1
1
1
1
1
1
1
1
1
1
1
1
1
1
1
1
1
1
1
1
1
1
1
1
1
1
1
1
1
1
1
1
1
1
1
1
1
1
1
1
1
1
1
1
1
1
1
1
1
1
1
1
1
1
1
1
1
1
1
1
1
1
1
1
1
1
1
1
1
1
1
1
1
1
1
1
1
1
1
1
1
1
1
1
1
1
1
1
1
1
1
1
1
1
1
1
1
1
1
1
1
1
1
1
1
1
1
1
1
1
1
1
1
1
1
1
1
1
1
1
1
1
1
1
1
1
1
1
1
1
1
1
1
1
1
1
1
1
1
1
1
1
1
1
1
1
1
1
1
1
1
1
1
1
1
1
1
1
1
1
1
1
1
1
1
1
1
1
1
1
1
1
1
1
1
1
1
1
1
1
1
1
1
1
1
1
1
1
1
1
1
1
1
1
1
1
1
1
1
1
1
1
1
1
1
1
1
1
1
1
1
1
1
1
1
1
1
1
1
1
1
1
1
1
1
1
1
1
1
1
1
1
1
1
1
1
1
1
1
1
1
1
1
1
1
1
1
1
1
1
1
1
1
1
1
1
1
1
1
1
1
1
1
1
1
1
1
1
1
1
1
1
1
1
1
1
1
1
1
1
1
1
1
1
1
1
1
1
1
1
1
1
1
1
1
1
1
1
1
1
1
1
1
1
1
1
1
1
1
1
1
1
1
1
1
1
1
1
1
1
1
1
1
1
1
1
1
1
1
1
1
1
1
1
1
1
1
1
1
1
1
1
1
1
1
1
1
1
1
1
1
1
1
1
1
1
1
1
1
1
1
1
1
1
1
1
1
1
1
1
1
1
1
1
1
1
1
1
1
1
1
1
1
1
1
1
1
1
1
1
1
1
1
1
1
1
1
1
1
1
1
1
1
1
1
1
1
1
1
1
1
1
1
1
1
1
1
1
1
1
1
1
1
1
1
1
1
1
1
1
1
1
1
1
1
1
1
1
1
1
1
1
1
1
1
1
1
1
1
1
1
1
1
1
1
1
1
1
1
1
1
1
1
1
1
1
1
1
1
1
1
1
1
1
1
1
1
1
1
1
1
1
1
1
1
1
1
1
1
1
1
1
1
1
1
1
1
1
1
1
1
1
1
1
1
1
1
1
1
1
1
1
1
1
1
1
1
1
1
1
1
1
1
1
1
1
1
1
1
1
1
1
1
1
1
1
1
1
1
1
1
1
1
1
1
1
1
1
1
1
1
1
1
1
1
1
1
1
1
1
1
1
1
1
1
1
1
1
1
1
1
1
1
1
1
1
1
1
1
1
1
1
1
1
1
1
1
1
1
1
1
1
1
1
1
1
1
1
1
1
1
1
1
1
1
1
1
1
1
1
1
1
1
1
1
1
1
1
1
1
1
1
1
1
1
1
1
1
1
1
1
1
1
1
1
1
1
1
1
1
1
1
1
1
1
1
1
1
1
1
1
1
1
1
1
1
1
1
1
1
1
1
1
1
1
1
1
1
1
1
1
1
1
1
1
1
1
1
1
1
1
1
1
1
1
1
1
1
1
1
1
1
1
1
1
1
1
1
1
1
1
1
1
1
1
1
1
1
1
1
1
1
1
1
1
1
1
1
1
1
1
1
1
1
1
1
1
1
1
1
1
1
1
1
1
1
1
1
1
1
1
1
1
1
1
1
1
1
1
1
1
1
1
1
1
1
1
1
1
1
1
1
1
1
1
1
1
1
1
1
1
1
1
1
1
1
1
1
1
1
1
1
1
1
1
1
1
1
1
1
1
1
1
1
1
1
1
1
1
1
1
1
1
1
1
1
1
1
1
1
1
1
1
1
1
1
1
1
1
1
1
1
1
1
1
1
1
1
1
1
1
1
1
1
1
1
1
1
1
1
1
1
1
1
1
1
1
1
1
1
1
1
1
1
1
1
1
1
1
1
1
1
1
1
1
1
1
1
1
1
1
1
1
1
1
1
1
1
1
1
1
1
1
1
1
1
1
1
1
1
1
1
1
1
1
1
1
1
1
1
1
1
1
1
1
1
1
1
1
1
1
1
1
1
1
1
1
1
1
1
1
1
1
1
1
1
1
1
1
1
1
1
1
1
1
1
1
1
1
1
1
1
1
1
1
1
1
1
1
1
1
1
1
1
1
1
1
1
1
1
1
1
1
1
1
1
1
1
1
1
1
1
1
1
1
1
1
1
1
1
1
1
1
1
1
1
1
1
1
1
1
1
1
1
1
1
1
1
1
1
1
1
1
1
1
1
1
1
1
1
1
1
1
1
1
1
1
1
1
1
1
1
1
1
1
1
1
1
1
1
1
1
1
1
1
1
1
1
1
1
1
1
1
1
1
1
1
1
1
1
1
1
1
1
1
1
1
1
1
1
1
1
1
1
1
1
1
1
1
1
1
1
1
1
1
1
1
1
1
1
1
1
1
1
1
1
1
1
1
1
1
1
1
1
1
1
1
1
1
1
1
1
1
1
1
1
1
1
1
1
1
1
1
1
1
1
1
1
1
1
1
1
1
1
1
1
1
1
1
1
1
1
1
1
1
1
1
1
1
1
1
1
1
1
1
1
1
1
1
1
1
1
1
1
1
1
1
1
1
1
1
1
1
1
1
1
1
1
1
1
1
1
1
1
1
1
1
1
1
1
1
1
1
1
1
1
1
1
1
1
1
1
1
1
1
1
1
1
1
1
1
1
1
1
1
1
1
1
1
1
1
1
1
1
1
1
1
1
1
1
1
1
1
1
1
1
1
1
1
1
1
1
1
1
1
1
1
1
1
1
1
1
1
1
1
1
1
1
1
1
1
1
1
1
1
1
1
1
1
1
1
1
1
1
1
1
1
1
1
1
1
1
1
1
1
1
1
1
1
1
1
1
1
1
1
1
1
1
1
1
1
1
1
1
1
1
1
1
1
1
1
1
1
1
1
1
1
1
1
1
1
1
1
1
1
1
1
1
1
1
1
1
1
1
1
1
1
1
1
1
1
1
1
1
1
1
1
1
1
1
1
1
1
1
1
1
1
1
1
1
1
1
1
1
1
1
1
1
1
1
1
1
1
1
1
1
1
1
1
1
1
1
1
1
1
1
1
1
1
1
1
1
1
1
1
1
1
1
1
1
1
1
1
1
1
1
1
1
1
1
1
1
1
1
1
1
1
1
1
1
1
1
1
1
1
1
1
1
1
1
1
1
1
1
1
1
1
1
1
1
1
1
1
1
1
1
1
1
1
1
1
1
1
1
1
1
1
1
1
1
1
1
1
1
1
1
1
1
1
1
1
1
1
1
1
1
1
1
1
1
1
1
1
1
1
1
1
1
1
1
1
1
1
1
1
1
1
1
1
1
1
1
1
1
1
1
1
1
1
1
1
1
1
1
1
1
1
1
1
1
1
1
1
1
1
1
1
1
1
1
1
1
1
1
1
1
1
1
1
1
1
1
1
1
1
1
1
1
1
1
1
1
1
1
1
1
1
1
1
1
1
1
1
1
1
1
1
1
1
1
1
1
1
1
1
1
1
1
1
1
1
1
1
1
1
1
1
1
1
1
1
1
1
1
1
1
1
1
1
1
1
1
1
1
1
1
1
1
1
1
1
1
1
1
1
1
1
1
1
1
1
1
1
1
1
1
1
1
1
1
1
1
1
1
1
1
1
1
1
1
1
1
1
1
1
1
1
1
1
1
1
1
1
1
1
1
1
1
1
1
1
1
1
1
1
1
1
1
1
1
1
1
1
1
1
1
1
1
1
1
1
1
1
1
1
1
1
1
1
1
1
1
1
1
1
1
1
1
1
1
1
1
1
1
1
1
1
1
1
1
1
1
1
1
1
1
1
1
1
1
1
1
1
1
1
1
1
1
1
1
1
1
1
1
1
1
1
1
1
1
1
1
1
1
1
1
1
1
1
1
1
1
1
1
1
1
1
1
1
1
1
1
1
1
1
1
1
1
1
1
1
1
1
1
1
1
1
1
1
1
1
1
1
1
1
1
1
1
1
1
1
1
1
1
1
1
1
1
1
1
1
1
1
1
1
1
1
1
1
1
1
1
1
1
1
1
1
1
1
1
1
1
1
1
1
1
1
1
1
1
1
1
1
1
1
1
1
1
1
1
1
1
1
1
1
1
1
1
1
1
1
1
1
1
1
1
1
1
1
1
1
1
1
1
1
1
1
1
1
1
1
1
1
1
1
1
1
1
1
1
1
1
1
1
1
1
1
1
1
1
1
1
1
1
1
1
1
1
1
1
1
1
1
1
1
1
1
1
1
1
1
1
1
1
1
1
1
1
1
1
1
1
1
1
1
1
1
1
1
1
1
1
1
1
1
1
1
1
1
1
1
1
1
1
1
1
1
1
1
1
1
1
1
1
1
1
1
1
1
1
1
1
1
1
1
1
1
1
1
1
1
1
1
1
1
1
1
1
1
1
1
1
1
1
1
1
1
1
1
1
1
1
1
1
1
1
1
1
1
1
1
1
1
1
1
1
1
1
1
1
1
1
1
1
1
1
1
1
1
1
1
1
1
1
1
1
1
1
1
1
1
1
1
1
1
1
1
1
1
1
1
1
1
1
1
1
1
1
1
1
1
1
1
1
1
1
1
1
1
1
1
1
1
1
1
1
1
1
1
1
1
1
1
1
1
1
1
1
1
1
1
1
1
1
1
1
1
1
1
1
1
1
1
1
1
1
1
1
1
1
1
1
1
1
1
1
1
1
1
1
1
1
1
1
1
1
1
1
1
1
1
1
1
1
1
1
1
1
1
1
1
1
1
1
1
1
1
1
1
1
1
1
1
1
1
1
1
1
1
1
1
1
1
1
1
1
1
1
1
1
1
1
1
1
1
1
1
1
1
1
1
1
1
1
1
1
1
1
1
1
1
1
1
1
1
1
1
1
1
1
1
1
1
1
1
1
1
1
1
1
1
1
1
1
1
1
1
1
1
1
1
1
1
1
1
1
1
1
1
1
1
1
1
1
1
1
1
1
1
1
1
1
1
1
1
1
1
1
1
1
1
1
1
1
1
1
1
1
1
1
1
1
1
1
1
1
1
1
1
1
1
1
1
1
1
1
1
1
1
1
1
1
1
1
1
1
1
1
1
1
1
1
1
1
1
1
1
1
1
1
1
1
1
1
1
1
1
1
1
1
1
1
1
1
1
1
1
1
1
1
1
1
1
1
1
1
1
1
1
1
1
1
1
1
1
1
1
1
1
1
1
1
1
1
1
1
1
1
1
1
1
1
1
1
1
1
1
1
1
1
1
1
1
1
1
1
1
1
1
1
1
1
1
1
1
1
1
1
1
1
1
1
1
1
1
1
1
1
1
1
1
1
1
1
1
1
1
1
1
1
1
1
1
1
1
1
1
1
1
1
1
1
1
1
1
1
1
1
1
1
1
1
1
1
1
1
1
1
1
1
1
1
1
1
1
1
1
1
1
1
1
1
1
1
1
1
1
1
1
1
1
1
1
1
1
1
1
1
1
1
1
1
1
1
1
1
1
1
1
1
1
1
1
1
1
1
1
1
1
1
1
1
1
1
1
1
1
1
1
1
1
1
1
1
1
1
1
1
1
1
1
1
1
1
1
1
1
1
1
1
1
1
1
1
1
1
1
1
1
1
1
1
1
1
1
1
1
1
1
1
1
1
1
1
1
1
1
1
1
1
1
1
1
1
1
1
1
1
1
1
1
1
1
1
1
1
1
1
1
1
1
1
1
1
1
1
1
1
1
1
1
1
1
1
1
1
1
1
1
1
1
1
1
1
1
1
1
1
1
1
1
1
1
1
1
1
1
1
1
1
1
1
1
1
1
1
1
1
1
1
1
1
1
1
1
1
1
1
1
1
1
1
1
1
1
1
1
1
1
1
1
1
1
1
1
1
1
1
1
1
1
1
1
1
1
1
1
1
1
1
1
1
1
1
1
1
1
1
1
1
1
1
1
1
1
1
1
1
1
1
1
1
1
1
1
1
1
1
1
1
1
1
1
1
1
1
1
1
1
1
1
1
1
1
1
1
1
1
1
1
1
1
1
1
1
1
1
1
1
1
1
1
1
1
1
1
1
1
1
1
1
1
1
1
1
1
1
1
1
1
1
1
1
1
1
1
1
1
1
1
1
1
1
1
1
1
1
1
1
1
1
1
1
1
1
1
1
1
1
1
1
1
1
1
1
1
1
1
1
1
1
1
1
1
1
1
1
1
1
1
1
1
1
1
1
1
1
1
1
1
1
1
1
1
1
1
1
1
1
1
1
1
1
1
1
1
1
1
1
1
1
1
1
1
1
1
1
1
1
1
1
1
1
1
1
1
1
1
1
1
1
1
1
1
1
1
1
1
1
1
1
1
1
1
1
1
1
1
1
1
1
1
1
1
1
1
1
1
1
1
1
1
1
1
1
1
1
1
1
1
1
1
1
1
1
1
1
1
1
1
1
1
1
1
1
1
1
1
1
1
1
1
1
1
1
1
1
1
1
1
1
1
1
1
1
1
1
1
1
1
1
1
1
1
1
1
1
1
1
1
1
1
1
1
1
1
1
1
1
1
1
1
1
1
1
1
1
1
1
1
1
1
1
1
1
1
1
1
1
1
1
1
1
1
1
1
1
1
1
1
1
1
1
1
1
1
1
1
1
1
1
1
1
1
1
1
1
1
1
1
1
1
1
1
1
1
1
1
1
1
1
1
1
1
1
1
1
1
1
1
1
1
1
1
1
1
1
1
1
1
1
1
1
1
1
1
1
1
1
1
1
1
1
1
1
1
1
1
1
1
1
1
1
1
1
1
1
1
1
1
1
1
1
1
1
1
1
1
1
1
1
1
1
1
1
1
1
1
1
1
1
1
1
1
1
1
1
1
1
1
1
1
1
1
1
1
1
1
1
1
1
1
1
1
1
1
1
1
1
1
1
1
1
1
1
1
1
1
1
1
1
1
1
1
1
1
1
1
1
1
1
1
1
1
1
1
1
1
1
1
1
1
1
1
1
1
1
1
1
1
1
1
1
1
1
1
1
1
1
1
1
1
1
1
1
1
1
1
1
1
1
1
1
1
1
1
1
1
1
1
1
1
1
1
1
1
1
1
1
1
1
1
1
1
1
1
1
1
1
1
1
1
1
1
1
1
1
1
1
1
1
1
1
1
1
1
1
1
1
1
1
1
1
1
1
1
1
1
1
1
1
1
1
1
1
1
1
1
1
1
1
1
1
1
1
1
1
1
1
1
1
1
1
1
1
1
1
1
1
1
1
1
1
1
1
1
1
1
1
1
1
1
1
1
1
1
1
1
1
1
1
1
1
1
1
1
1
1
1
1
1
1
1
1
1
1
1
1
1
1
1
1
1
1
1
1
1
1
1
1
1
1
1
1
1
1
1
1
1
1
1
1
1
1
1
1
1
1
1
1
1
1
1
1
1
1
1
1
1
1
1
1
1
1
1
1
1
1
1
1
1
1
1
1
1
1
1
1
1
1
1
1
1
1
1
1
1
1
1
1
1
1
1
1
1
1
1
1
1
1
1
1
1
1
1
1
1
1
1
1
1
1
1
1
1
1
1
1
1
1
1
1
1
1
1
1
1
1
1
1
1
1
1
1
1
1
1
1
1
1
1
1
1
1
1
1
1
1
1
1
1
1
1
1
1
1
1
1
1
1
1
1
1
1
1
1
1
1
1
1
1
1
1
1
1
1
1
1
1
1
1
1
1
1
1
1
1
1
1
1
1
1
1
1
1
1
1
1
1
1
1
1
1
1
1
1
1
1
1
1
1
1
1
1
1
1
1
1
1
1
1
1
1
1
1
1
1
1
1
1
1
1
1
1
1
1
1
1
1
1
1
1
1
1
1
1
1
1
1
1
1
1
1
1
1
1
1
1
1
1
1
1
1
1
1
1
1
1
1
1
1
1
1
1
1
1
1
1
1
1
1
1
1
1
1
1
1
1
1
1
1
1
1
1
1
1
1
1
1
1
1
1
1
1
1
1
1
1
1
1
1
1
1
1
1
1
1
1
1
1
1
1
1
1
1
1
1
1
1
1
1
1
1
1
1
1
1
1
1
1
1
1
1
1
1
1
1
1
1
1
1
1
1
1
1
1
1
1
1
1
1
1
1
1
1
1
1
1
1
1
1
1
1
1
1
1
1
1
1
1
1
1
1
1
1
1
1
1
1
1
1
1
1
1
1
1
1
1
1
1
1
1
1
1
1
1
1
1
1
1
1
1
1
1
1
1
1
1
1
1
1
1
1
1
1
1
1
1
1
1
1
1
1
1
1
1
1
1
1
1
1
1
1
1
1
1
1
1
1
1
1
1
1
1
1
1
1
1
1
1
1
1
1
1
1
1
1
1
1
1
1
1
1
1
1
1
1
1
1
1
1
1
)
;
    }
}


// ************************************************************************* //
