/*--------------------------------*- C++ -*----------------------------------*\
| =========                 |                                                 |
| \\      /  F ield         | OpenFOAM: The Open Source CFD Toolbox           |
|  \\    /   O peration     | Version:  2306                                  |
|   \\  /    A nd           | Website:  www.openfoam.com                      |
|    \\/     M anipulation  |                                                 |
\*---------------------------------------------------------------------------*/
FoamFile
{
    version     2.0;
    format      binary;
    arch        "LSB;label=32;scalar=64";
    class       cellSet;
    location    "constant/polyMesh/sets";
    object      addedCells;
}
// * * * * * * * * * * * * * * * * * * * * * * * * * * * * * * * * * * * * * //


8969
(
252807
252808
252809
252810
252811
252812
252813
252814
252815
252816
252817
252818
252819
252820
252821
252822
252823
252824
252825
252826
252827
252828
252829
252830
252831
252832
252833
252834
252835
252836
252837
252838
252839
252840
252841
252842
252843
252844
252845
252846
252847
252848
252849
252850
252851
252852
252853
252854
252855
252856
252857
252858
252859
252860
252861
252862
252863
252864
252865
252866
252867
252868
252869
252870
252871
252872
252873
252874
252875
252876
252877
252878
252879
252880
252881
252882
252883
252884
252885
252886
252887
252888
252889
252890
252891
252892
252893
252894
252895
252896
252897
252898
252899
252900
252901
252902
252903
252904
252905
252906
252907
252908
252909
252910
252911
252912
252913
252914
252915
252916
252917
252918
252919
252920
252921
252922
252923
252924
252925
252926
252927
252928
252929
252930
252931
252932
252933
252934
252935
252936
252937
252938
252939
252940
252941
252942
252943
252944
252945
252946
252947
252948
252949
252950
252951
252952
252953
252954
252955
252956
252957
252958
252959
252960
252961
252962
252963
252964
252965
252966
252967
252968
252969
252970
252971
252972
252973
252974
252975
252976
252977
252978
252979
252980
252981
252982
252983
252984
252985
252986
252987
252988
252989
252990
252991
252992
252993
252994
252995
252996
252997
252998
252999
253000
253001
253002
253003
253004
253005
253006
253007
253008
253009
253010
253011
253012
253013
253014
253015
253016
253017
253018
253019
253020
253021
253022
253023
253024
253025
253026
253027
253028
253029
253030
253031
253032
253033
253034
253035
253036
253037
253038
253039
253040
253041
253042
253043
253044
253045
253046
253047
253048
253049
253050
253051
253052
253053
253054
253055
253056
253057
253058
253059
253060
253061
253062
253063
253064
253065
253066
253067
253068
253069
253070
253071
253072
253073
253074
253075
253076
253077
253078
253079
253080
253081
253082
253083
253084
253085
253086
253087
253088
253089
253090
253091
253092
253093
253094
253095
253096
253097
253098
253099
253100
253101
253102
253103
253104
253105
253106
253107
253108
253109
253110
253111
253112
253113
253114
253115
253116
253117
253118
253119
253120
253121
253122
253123
253124
253125
253126
253127
253128
253129
253130
253131
253132
253133
253134
253135
253136
253137
253138
253139
253140
253141
253142
253143
253144
253145
253146
253147
253148
253149
253150
253151
253152
253153
253154
253155
253156
253157
253158
253159
253160
253161
253162
253163
253164
253165
253166
253167
253168
253169
253170
253171
253172
253173
253174
253175
253176
253177
253178
253179
253180
253181
253182
253183
253184
253185
253186
253187
253188
253189
253190
253191
253192
253193
253194
253195
253196
253197
253198
253199
253200
253201
253202
253203
253204
253205
253206
253207
253208
253209
253210
253211
253212
253213
253214
253215
253216
253217
253218
253219
253220
253221
253222
253223
253224
253225
253226
253227
253228
253229
253230
253231
253232
253233
253234
253235
253236
253237
253238
253239
253240
253241
253242
253243
253244
253245
253246
253247
253248
253249
253250
253251
253252
253253
253254
253255
253256
253257
253258
253259
253260
253261
253262
253263
253264
253265
253266
253267
253268
253269
253270
253271
253272
253273
253274
253275
253276
253277
253278
253279
253280
253281
253282
253283
253284
253285
253286
253287
253288
253289
253290
253291
253292
253293
253294
253295
253296
253297
253298
253299
253300
253301
253302
253303
253304
253305
253306
253307
253308
253309
253310
253311
253312
253313
253314
253315
253316
253317
253318
253319
253320
253321
253322
253323
253324
253325
253326
253327
253328
253329
253330
253331
253332
253333
253334
253335
253336
253337
253338
253339
253340
253341
253342
253343
253344
253345
253346
253347
253348
253349
253350
253351
253352
253353
253354
253355
253356
253357
253358
253359
253360
253361
253362
253363
253364
253365
253366
253367
253368
253369
253370
253371
253372
253373
253374
253375
253376
253377
253378
253379
253380
253381
253382
253383
253384
253385
253386
253387
253388
253389
253390
253391
253392
253393
253394
253395
253396
253397
253398
253399
253400
253401
253402
253403
253404
253405
253406
253407
253408
253409
253410
253411
253412
253413
253414
253415
253416
253417
253418
253419
253420
253421
253422
253423
253424
253425
253426
253427
253428
253429
253430
253431
253432
253433
253434
253435
253436
253437
253438
253439
253440
253441
253442
253443
253444
253445
253446
253447
253448
253449
253450
253451
253452
253453
253454
253455
253456
253457
253458
253459
253460
253461
253462
253463
253464
253465
253466
253467
253468
253469
253470
253471
253472
253473
253474
253475
253476
253477
253478
253479
253480
253481
253482
253483
253484
253485
253486
253487
253488
253489
253490
253491
253492
253493
253494
253495
253496
253497
253498
253499
253500
253501
253502
253503
253504
253505
253506
253507
253508
253509
253510
253511
253512
253513
253514
253515
253516
253517
253518
253519
253520
253521
253522
253523
253524
253525
253526
253527
253528
253529
253530
253531
253532
253533
253534
253535
253536
253537
253538
253539
253540
253541
253542
253543
253544
253545
253546
253547
253548
253549
253550
253551
253552
253553
253554
253555
253556
253557
253558
253559
253560
253561
253562
253563
253564
253565
253566
253567
253568
253569
253570
253571
253572
253573
253574
253575
253576
253577
253578
253579
253580
253581
253582
253583
253584
253585
253586
253587
253588
253589
253590
253591
253592
253593
253594
253595
253596
253597
253598
253599
253600
253601
253602
253603
253604
253605
253606
253607
253608
253609
253610
253611
253612
253613
253614
253615
253616
253617
253618
253619
253620
253621
253622
253623
253624
253625
253626
253627
253628
253629
253630
253631
253632
253633
253634
253635
253636
253637
253638
253639
253640
253641
253642
253643
253644
253645
253646
253647
253648
253649
253650
253651
253652
253653
253654
253655
253656
253657
253658
253659
253660
253661
253662
253663
253664
253665
253666
253667
253668
253669
253670
253671
253672
253673
253674
253675
253676
253677
253678
253679
253680
253681
253682
253683
253684
253685
253686
253687
253688
253689
253690
253691
253692
253693
253694
253695
253696
253697
253698
253699
253700
253701
253702
253703
253704
253705
253706
253707
253708
253709
253710
253711
253712
253713
253714
253715
253716
253717
253718
253719
253720
253721
253722
253723
253724
253725
253726
253727
253728
253729
253730
253731
253732
253733
253734
253735
253736
253737
253738
253739
253740
253741
253742
253743
253744
253745
253746
253747
253748
253749
253750
253751
253752
253753
253754
253755
253756
253757
253758
253759
253760
253761
253762
253763
253764
253765
253766
253767
253768
253769
253770
253771
253772
253773
253774
253775
253776
253777
253778
253779
253780
253781
253782
253783
253784
253785
253786
253787
253788
253789
253790
253791
253792
253793
253794
253795
253796
253797
253798
253799
253800
253801
253802
253803
253804
253805
253806
253807
253808
253809
253810
253811
253812
253813
253814
253815
253816
253817
253818
253819
253820
253821
253822
253823
253824
253825
253826
253827
253828
253829
253830
253831
253832
253833
253834
253835
253836
253837
253838
253839
253840
253841
253842
253843
253844
253845
253846
253847
253848
253849
253850
253851
253852
253853
253854
253855
253856
253857
253858
253859
253860
253861
253862
253863
253864
253865
253866
253867
253868
253869
253870
253871
253872
253873
253874
253875
253876
253877
253878
253879
253880
253881
253882
253883
253884
253885
253886
253887
253888
253889
253890
253891
253892
253893
253894
253895
253896
253897
253898
253899
253900
253901
253902
253903
253904
253905
253906
253907
253908
253909
253910
253911
253912
253913
253914
253915
253916
253917
253918
253919
253920
253921
253922
253923
253924
253925
253926
253927
253928
253929
253930
253931
253932
253933
253934
253935
253936
253937
253938
253939
253940
253941
253942
253943
253944
253945
253946
253947
253948
253949
253950
253951
253952
253953
253954
253955
253956
253957
253958
253959
253960
253961
253962
253963
253964
253965
253966
253967
253968
253969
253970
253971
253972
253973
253974
253975
253976
253977
253978
253979
253980
253981
253982
253983
253984
253985
253986
253987
253988
253989
253990
253991
253992
253993
253994
253995
253996
253997
253998
253999
254000
254001
254002
254003
254004
254005
254006
254007
254008
254009
254010
254011
254012
254013
254014
254015
254016
254017
254018
254019
254020
254021
254022
254023
254024
254025
254026
254027
254028
254029
254030
254031
254032
254033
254034
254035
254036
254037
254038
254039
254040
254041
254042
254043
254044
254045
254046
254047
254048
254049
254050
254051
254052
254053
254054
254055
254056
254057
254058
254059
254060
254061
254062
254063
254064
254065
254066
254067
254068
254069
254070
254071
254072
254073
254074
254075
254076
254077
254078
254079
254080
254081
254082
254083
254084
254085
254086
254087
254088
254089
254090
254091
254092
254093
254094
254095
254096
254097
254098
254099
254100
254101
254102
254103
254104
254105
254106
254107
254108
254109
254110
254111
254112
254113
254114
254115
254116
254117
254118
254119
254120
254121
254122
254123
254124
254125
254126
254127
254128
254129
254130
254131
254132
254133
254134
254135
254136
254137
254138
254139
254140
254141
254142
254143
254144
254145
254146
254147
254148
254149
254150
254151
254152
254153
254154
254155
254156
254157
254158
254159
254160
254161
254162
254163
254164
254165
254166
254167
254168
254169
254170
254171
254172
254173
254174
254175
254176
254177
254178
254179
254180
254181
254182
254183
254184
254185
254186
254187
254188
254189
254190
254191
254192
254193
254194
254195
254196
254197
254198
254199
254200
254201
254202
254203
254204
254205
254206
254207
254208
254209
254210
254211
254212
254213
254214
254215
254216
254217
254218
254219
254220
254221
254222
254223
254224
254225
254226
254227
254228
254229
254230
254231
254232
254233
254234
254235
254236
254237
254238
254239
254240
254241
254242
254243
254244
254245
254246
254247
254248
254249
254250
254251
254252
254253
254254
254255
254256
254257
254258
254259
254260
254261
254262
254263
254264
254265
254266
254267
254268
254269
254270
254271
254272
254273
254274
254275
254276
254277
254278
254279
254280
254281
254282
254283
254284
254285
254286
254287
254288
254289
254290
254291
254292
254293
254294
254295
254296
254297
254298
254299
254300
254301
254302
254303
254304
254305
254306
254307
254308
254309
254310
254311
254312
254313
254314
254315
254316
254317
254318
254319
254320
254321
254322
254323
254324
254325
254326
254327
254328
254329
254330
254331
254332
254333
254334
254335
254336
254337
254338
254339
254340
254341
254342
254343
254344
254345
254346
254347
254348
254349
254350
254351
254352
254353
254354
254355
254356
254357
254358
254359
254360
254361
254362
254363
254364
254365
254366
254367
254368
254369
254370
254371
254372
254373
254374
254375
254376
254377
254378
254379
254380
254381
254382
254383
254384
254385
254386
254387
254388
254389
254390
254391
254392
254393
254394
254395
254396
254397
254398
254399
254400
254401
254402
254403
254404
254405
254406
254407
254408
254409
254410
254411
254412
254413
254414
254415
254416
254417
254418
254419
254420
254421
254422
254423
254424
254425
254426
254427
254428
254429
254430
254431
254432
254433
254434
254435
254436
254437
254438
254439
254440
254441
254442
254443
254444
254445
254446
254447
254448
254449
254450
254451
254452
254453
254454
254455
254456
254457
254458
254459
254460
254461
254462
254463
254464
254465
254466
254467
254468
254469
254470
254471
254472
254473
254474
254475
254476
254477
254478
254479
254480
254481
254482
254483
254484
254485
254486
254487
254488
254489
254490
254491
254492
254493
254494
254495
254496
254497
254498
254499
254500
254501
254502
254503
254504
254505
254506
254507
254508
254509
254510
254511
254512
254513
254514
254515
254516
254517
254518
254519
254520
254521
254522
254523
254524
254525
254526
254527
254528
254529
254530
254531
254532
254533
254534
254535
254536
254537
254538
254539
254540
254541
254542
254543
254544
254545
254546
254547
254548
254549
254550
254551
254552
254553
254554
254555
254556
254557
254558
254559
254560
254561
254562
254563
254564
254565
254566
254567
254568
254569
254570
254571
254572
254573
254574
254575
254576
254577
254578
254579
254580
254581
254582
254583
254584
254585
254586
254587
254588
254589
254590
254591
254592
254593
254594
254595
254596
254597
254598
254599
254600
254601
254602
254603
254604
254605
254606
254607
254608
254609
254610
254611
254612
254613
254614
254615
254616
254617
254618
254619
254620
254621
254622
254623
254624
254625
254626
254627
254628
254629
254630
254631
254632
254633
254634
254635
254636
254637
254638
254639
254640
254641
254642
254643
254644
254645
254646
254647
254648
254649
254650
254651
254652
254653
254654
254655
254656
254657
254658
254659
254660
254661
254662
254663
254664
254665
254666
254667
254668
254669
254670
254671
254672
254673
254674
254675
254676
254677
254678
254679
254680
254681
254682
254683
254684
254685
254686
254687
254688
254689
254690
254691
254692
254693
254694
254695
254696
254697
254698
254699
254700
254701
254702
254703
254704
254705
254706
254707
254708
254709
254710
254711
254712
254713
254714
254715
254716
254717
254718
254719
254720
254721
254722
254723
254724
254725
254726
254727
254728
254729
254730
254731
254732
254733
254734
254735
254736
254737
254738
254739
254740
254741
254742
254743
254744
254745
254746
254747
254748
254749
254750
254751
254752
254753
254754
254755
254756
254757
254758
254759
254760
254761
254762
254763
254764
254765
254766
254767
254768
254769
254770
254771
254772
254773
254774
254775
254776
254777
254778
254779
254780
254781
254782
254783
254784
254785
254786
254787
254788
254789
254790
254791
254792
254793
254794
254795
254796
254797
254798
254799
254800
254801
254802
254803
254804
254805
254806
254807
254808
254809
254810
254811
254812
254813
254814
254815
254816
254817
254818
254819
254820
254821
254822
254823
254824
254825
254826
254827
254828
254829
254830
254831
254832
254833
254834
254835
254836
254837
254838
254839
254840
254841
254842
254843
254844
254845
254846
254847
254848
254849
254850
254851
254852
254853
254854
254855
254856
254857
254858
254859
254860
254861
254862
254863
254864
254865
254866
254867
254868
254869
254870
254871
254872
254873
254874
254875
254876
254877
254878
254879
254880
254881
254882
254883
254884
254885
254886
254887
254888
254889
254890
254891
254892
254893
254894
254895
254896
254897
254898
254899
254900
254901
254902
254903
254904
254905
254906
254907
254908
254909
254910
254911
254912
254913
254914
254915
254916
254917
254918
254919
254920
254921
254922
254923
254924
254925
254926
254927
254928
254929
254930
254931
254932
254933
254934
254935
254936
254937
254938
254939
254940
254941
254942
254943
254944
254945
254946
254947
254948
254949
254950
254951
254952
254953
254954
254955
254956
254957
254958
254959
254960
254961
254962
254963
254964
254965
254966
254967
254968
254969
254970
254971
254972
254973
254974
254975
254976
254977
254978
254979
254980
254981
254982
254983
254984
254985
254986
254987
254988
254989
254990
254991
254992
254993
254994
254995
254996
254997
254998
254999
255000
255001
255002
255003
255004
255005
255006
255007
255008
255009
255010
255011
255012
255013
255014
255015
255016
255017
255018
255019
255020
255021
255022
255023
255024
255025
255026
255027
255028
255029
255030
255031
255032
255033
255034
255035
255036
255037
255038
255039
255040
255041
255042
255043
255044
255045
255046
255047
255048
255049
255050
255051
255052
255053
255054
255055
255056
255057
255058
255059
255060
255061
255062
255063
255064
255065
255066
255067
255068
255069
255070
255071
255072
255073
255074
255075
255076
255077
255078
255079
255080
255081
255082
255083
255084
255085
255086
255087
255088
255089
255090
255091
255092
255093
255094
255095
255096
255097
255098
255099
255100
255101
255102
255103
255104
255105
255106
255107
255108
255109
255110
255111
255112
255113
255114
255115
255116
255117
255118
255119
255120
255121
255122
255123
255124
255125
255126
255127
255128
255129
255130
255131
255132
255133
255134
255135
255136
255137
255138
255139
255140
255141
255142
255143
255144
255145
255146
255147
255148
255149
255150
255151
255152
255153
255154
255155
255156
255157
255158
255159
255160
255161
255162
255163
255164
255165
255166
255167
255168
255169
255170
255171
255172
255173
255174
255175
255176
255177
255178
255179
255180
255181
255182
255183
255184
255185
255186
255187
255188
255189
255190
255191
255192
255193
255194
255195
255196
255197
255198
255199
255200
255201
255202
255203
255204
255205
255206
255207
255208
255209
255210
255211
255212
255213
255214
255215
255216
255217
255218
255219
255220
255221
255222
255223
255224
255225
255226
255227
255228
255229
255230
255231
255232
255233
255234
255235
255236
255237
255238
255239
255240
255241
255242
255243
255244
255245
255246
255247
255248
255249
255250
255251
255252
255253
255254
255255
255256
255257
255258
255259
255260
255261
255262
255263
255264
255265
255266
255267
255268
255269
255270
255271
255272
255273
255274
255275
255276
255277
255278
255279
255280
255281
255282
255283
255284
255285
255286
255287
255288
255289
255290
255291
255292
255293
255294
255295
255296
255297
255298
255299
255300
255301
255302
255303
255304
255305
255306
255307
255308
255309
255310
255311
255312
255313
255314
255315
255316
255317
255318
255319
255320
255321
255322
255323
255324
255325
255326
255327
255328
255329
255330
255331
255332
255333
255334
255335
255336
255337
255338
255339
255340
255341
255342
255343
255344
255345
255346
255347
255348
255349
255350
255351
255352
255353
255354
255355
255356
255357
255358
255359
255360
255361
255362
255363
255364
255365
255366
255367
255368
255369
255370
255371
255372
255373
255374
255375
255376
255377
255378
255379
255380
255381
255382
255383
255384
255385
255386
255387
255388
255389
255390
255391
255392
255393
255394
255395
255396
255397
255398
255399
255400
255401
255402
255403
255404
255405
255406
255407
255408
255409
255410
255411
255412
255413
255414
255415
255416
255417
255418
255419
255420
255421
255422
255423
255424
255425
255426
255427
255428
255429
255430
255431
255432
255433
255434
255435
255436
255437
255438
255439
255440
255441
255442
255443
255444
255445
255446
255447
255448
255449
255450
255451
255452
255453
255454
255455
255456
255457
255458
255459
255460
255461
255462
255463
255464
255465
255466
255467
255468
255469
255470
255471
255472
255473
255474
255475
255476
255477
255478
255479
255480
255481
255482
255483
255484
255485
255486
255487
255488
255489
255490
255491
255492
255493
255494
255495
255496
255497
255498
255499
255500
255501
255502
255503
255504
255505
255506
255507
255508
255509
255510
255511
255512
255513
255514
255515
255516
255517
255518
255519
255520
255521
255522
255523
255524
255525
255526
255527
255528
255529
255530
255531
255532
255533
255534
255535
255536
255537
255538
255539
255540
255541
255542
255543
255544
255545
255546
255547
255548
255549
255550
255551
255552
255553
255554
255555
255556
255557
255558
255559
255560
255561
255562
255563
255564
255565
255566
255567
255568
255569
255570
255571
255572
255573
255574
255575
255576
255577
255578
255579
255580
255581
255582
255583
255584
255585
255586
255587
255588
255589
255590
255591
255592
255593
255594
255595
255596
255597
255598
255599
255600
255601
255602
255603
255604
255605
255606
255607
255608
255609
255610
255611
255612
255613
255614
255615
255616
255617
255618
255619
255620
255621
255622
255623
255624
255625
255626
255627
255628
255629
255630
255631
255632
255633
255634
255635
255636
255637
255638
255639
255640
255641
255642
255643
255644
255645
255646
255647
255648
255649
255650
255651
255652
255653
255654
255655
255656
255657
255658
255659
255660
255661
255662
255663
255664
255665
255666
255667
255668
255669
255670
255671
255672
255673
255674
255675
255676
255677
255678
255679
255680
255681
255682
255683
255684
255685
255686
255687
255688
255689
255690
255691
255692
255693
255694
255695
255696
255697
255698
255699
255700
255701
255702
255703
255704
255705
255706
255707
255708
255709
255710
255711
255712
255713
255714
255715
255716
255717
255718
255719
255720
255721
255722
255723
255724
255725
255726
255727
255728
255729
255730
255731
255732
255733
255734
255735
255736
255737
255738
255739
255740
255741
255742
255743
255744
255745
255746
255747
255748
255749
255750
255751
255752
255753
255754
255755
255756
255757
255758
255759
255760
255761
255762
255763
255764
255765
255766
255767
255768
255769
255770
255771
255772
255773
255774
255775
255776
255777
255778
255779
255780
255781
255782
255783
255784
255785
255786
255787
255788
255789
255790
255791
255792
255793
255794
255795
255796
255797
255798
255799
255800
255801
255802
255803
255804
255805
255806
255807
255808
255809
255810
255811
255812
255813
255814
255815
255816
255817
255818
255819
255820
255821
255822
255823
255824
255825
255826
255827
255828
255829
255830
255831
255832
255833
255834
255835
255836
255837
255838
255839
255840
255841
255842
255843
255844
255845
255846
255847
255848
255849
255850
255851
255852
255853
255854
255855
255856
255857
255858
255859
255860
255861
255862
255863
255864
255865
255866
255867
255868
255869
255870
255871
255872
255873
255874
255875
255876
255877
255878
255879
255880
255881
255882
255883
255884
255885
255886
255887
255888
255889
255890
255891
255892
255893
255894
255895
255896
255897
255898
255899
255900
255901
255902
255903
255904
255905
255906
255907
255908
255909
255910
255911
255912
255913
255914
255915
255916
255917
255918
255919
255920
255921
255922
255923
255924
255925
255926
255927
255928
255929
255930
255931
255932
255933
255934
255935
255936
255937
255938
255939
255940
255941
255942
255943
255944
255945
255946
255947
255948
255949
255950
255951
255952
255953
255954
255955
255956
255957
255958
255959
255960
255961
255962
255963
255964
255965
255966
255967
255968
255969
255970
255971
255972
255973
255974
255975
255976
255977
255978
255979
255980
255981
255982
255983
255984
255985
255986
255987
255988
255989
255990
255991
255992
255993
255994
255995
255996
255997
255998
255999
256000
256001
256002
256003
256004
256005
256006
256007
256008
256009
256010
256011
256012
256013
256014
256015
256016
256017
256018
256019
256020
256021
256022
256023
256024
256025
256026
256027
256028
256029
256030
256031
256032
256033
256034
256035
256036
256037
256038
256039
256040
256041
256042
256043
256044
256045
256046
256047
256048
256049
256050
256051
256052
256053
256054
256055
256056
256057
256058
256059
256060
256061
256062
256063
256064
256065
256066
256067
256068
256069
256070
256071
256072
256073
256074
256075
256076
256077
256078
256079
256080
256081
256082
256083
256084
256085
256086
256087
256088
256089
256090
256091
256092
256093
256094
256095
256096
256097
256098
256099
256100
256101
256102
256103
256104
256105
256106
256107
256108
256109
256110
256111
256112
256113
256114
256115
256116
256117
256118
256119
256120
256121
256122
256123
256124
256125
256126
256127
256128
256129
256130
256131
256132
256133
256134
256135
256136
256137
256138
256139
256140
256141
256142
256143
256144
256145
256146
256147
256148
256149
256150
256151
256152
256153
256154
256155
256156
256157
256158
256159
256160
256161
256162
256163
256164
256165
256166
256167
256168
256169
256170
256171
256172
256173
256174
256175
256176
256177
256178
256179
256180
256181
256182
256183
256184
256185
256186
256187
256188
256189
256190
256191
256192
256193
256194
256195
256196
256197
256198
256199
256200
256201
256202
256203
256204
256205
256206
256207
256208
256209
256210
256211
256212
256213
256214
256215
256216
256217
256218
256219
256220
256221
256222
256223
256224
256225
256226
256227
256228
256229
256230
256231
256232
256233
256234
256235
256236
256237
256238
256239
256240
256241
256242
256243
256244
256245
256246
256247
256248
256249
256250
256251
256252
256253
256254
256255
256256
256257
256258
256259
256260
256261
256262
256263
256264
256265
256266
256267
256268
256269
256270
256271
256272
256273
256274
256275
256276
256277
256278
256279
256280
256281
256282
256283
256284
256285
256286
256287
256288
256289
256290
256291
256292
256293
256294
256295
256296
256297
256298
256299
256300
256301
256302
256303
256304
256305
256306
256307
256308
256309
256310
256311
256312
256313
256314
256315
256316
256317
256318
256319
256320
256321
256322
256323
256324
256325
256326
256327
256328
256329
256330
256331
256332
256333
256334
256335
256336
256337
256338
256339
256340
256341
256342
256343
256344
256345
256346
256347
256348
256349
256350
256351
256352
256353
256354
256355
256356
256357
256358
256359
256360
256361
256362
256363
256364
256365
256366
256367
256368
256369
256370
256371
256372
256373
256374
256375
256376
256377
256378
256379
256380
256381
256382
256383
256384
256385
256386
256387
256388
256389
256390
256391
256392
256393
256394
256395
256396
256397
256398
256399
256400
256401
256402
256403
256404
256405
256406
256407
256408
256409
256410
256411
256412
256413
256414
256415
256416
256417
256418
256419
256420
256421
256422
256423
256424
256425
256426
256427
256428
256429
256430
256431
256432
256433
256434
256435
256436
256437
256438
256439
256440
256441
256442
256443
256444
256445
256446
256447
256448
256449
256450
256451
256452
256453
256454
256455
256456
256457
256458
256459
256460
256461
256462
256463
256464
256465
256466
256467
256468
256469
256470
256471
256472
256473
256474
256475
256476
256477
256478
256479
256480
256481
256482
256483
256484
256485
256486
256487
256488
256489
256490
256491
256492
256493
256494
256495
256496
256497
256498
256499
256500
256501
256502
256503
256504
256505
256506
256507
256508
256509
256510
256511
256512
256513
256514
256515
256516
256517
256518
256519
256520
256521
256522
256523
256524
256525
256526
256527
256528
256529
256530
256531
256532
256533
256534
256535
256536
256537
256538
256539
256540
256541
256542
256543
256544
256545
256546
256547
256548
256549
256550
256551
256552
256553
256554
256555
256556
256557
256558
256559
256560
256561
256562
256563
256564
256565
256566
256567
256568
256569
256570
256571
256572
256573
256574
256575
256576
256577
256578
256579
256580
256581
256582
256583
256584
256585
256586
256587
256588
256589
256590
256591
256592
256593
256594
256595
256596
256597
256598
256599
256600
256601
256602
256603
256604
256605
256606
256607
256608
256609
256610
256611
256612
256613
256614
256615
256616
256617
256618
256619
256620
256621
256622
256623
256624
256625
256626
256627
256628
256629
256630
256631
256632
256633
256634
256635
256636
256637
256638
256639
256640
256641
256642
256643
256644
256645
256646
256647
256648
256649
256650
256651
256652
256653
256654
256655
256656
256657
256658
256659
256660
256661
256662
256663
256664
256665
256666
256667
256668
256669
256670
256671
256672
256673
256674
256675
256676
256677
256678
256679
256680
256681
256682
256683
256684
256685
256686
256687
256688
256689
256690
256691
256692
256693
256694
256695
256696
256697
256698
256699
256700
256701
256702
256703
256704
256705
256706
256707
256708
256709
256710
256711
256712
256713
256714
256715
256716
256717
256718
256719
256720
256721
256722
256723
256724
256725
256726
256727
256728
256729
256730
256731
256732
256733
256734
256735
256736
256737
256738
256739
256740
256741
256742
256743
256744
256745
256746
256747
256748
256749
256750
256751
256752
256753
256754
256755
256756
256757
256758
256759
256760
256761
256762
256763
256764
256765
256766
256767
256768
256769
256770
256771
256772
256773
256774
256775
256776
256777
256778
256779
256780
256781
256782
256783
256784
256785
256786
256787
256788
256789
256790
256791
256792
256793
256794
256795
256796
256797
256798
256799
256800
256801
256802
256803
256804
256805
256806
256807
256808
256809
256810
256811
256812
256813
256814
256815
256816
256817
256818
256819
256820
256821
256822
256823
256824
256825
256826
256827
256828
256829
256830
256831
256832
256833
256834
256835
256836
256837
256838
256839
256840
256841
256842
256843
256844
256845
256846
256847
256848
256849
256850
256851
256852
256853
256854
256855
256856
256857
256858
256859
256860
256861
256862
256863
256864
256865
256866
256867
256868
256869
256870
256871
256872
256873
256874
256875
256876
256877
256878
256879
256880
256881
256882
256883
256884
256885
256886
256887
256888
256889
256890
256891
256892
256893
256894
256895
256896
256897
256898
256899
256900
256901
256902
256903
256904
256905
256906
256907
256908
256909
256910
256911
256912
256913
256914
256915
256916
256917
256918
256919
256920
256921
256922
256923
256924
256925
256926
256927
256928
256929
256930
256931
256932
256933
256934
256935
256936
256937
256938
256939
256940
256941
256942
256943
256944
256945
256946
256947
256948
256949
256950
256951
256952
256953
256954
256955
256956
256957
256958
256959
256960
256961
256962
256963
256964
256965
256966
256967
256968
256969
256970
256971
256972
256973
256974
256975
256976
256977
256978
256979
256980
256981
256982
256983
256984
256985
256986
256987
256988
256989
256990
256991
256992
256993
256994
256995
256996
256997
256998
256999
257000
257001
257002
257003
257004
257005
257006
257007
257008
257009
257010
257011
257012
257013
257014
257015
257016
257017
257018
257019
257020
257021
257022
257023
257024
257025
257026
257027
257028
257029
257030
257031
257032
257033
257034
257035
257036
257037
257038
257039
257040
257041
257042
257043
257044
257045
257046
257047
257048
257049
257050
257051
257052
257053
257054
257055
257056
257057
257058
257059
257060
257061
257062
257063
257064
257065
257066
257067
257068
257069
257070
257071
257072
257073
257074
257075
257076
257077
257078
257079
257080
257081
257082
257083
257084
257085
257086
257087
257088
257089
257090
257091
257092
257093
257094
257095
257096
257097
257098
257099
257100
257101
257102
257103
257104
257105
257106
257107
257108
257109
257110
257111
257112
257113
257114
257115
257116
257117
257118
257119
257120
257121
257122
257123
257124
257125
257126
257127
257128
257129
257130
257131
257132
257133
257134
257135
257136
257137
257138
257139
257140
257141
257142
257143
257144
257145
257146
257147
257148
257149
257150
257151
257152
257153
257154
257155
257156
257157
257158
257159
257160
257161
257162
257163
257164
257165
257166
257167
257168
257169
257170
257171
257172
257173
257174
257175
257176
257177
257178
257179
257180
257181
257182
257183
257184
257185
257186
257187
257188
257189
257190
257191
257192
257193
257194
257195
257196
257197
257198
257199
257200
257201
257202
257203
257204
257205
257206
257207
257208
257209
257210
257211
257212
257213
257214
257215
257216
257217
257218
257219
257220
257221
257222
257223
257224
257225
257226
257227
257228
257229
257230
257231
257232
257233
257234
257235
257236
257237
257238
257239
257240
257241
257242
257243
257244
257245
257246
257247
257248
257249
257250
257251
257252
257253
257254
257255
257256
257257
257258
257259
257260
257261
257262
257263
257264
257265
257266
257267
257268
257269
257270
257271
257272
257273
257274
257275
257276
257277
257278
257279
257280
257281
257282
257283
257284
257285
257286
257287
257288
257289
257290
257291
257292
257293
257294
257295
257296
257297
257298
257299
257300
257301
257302
257303
257304
257305
257306
257307
257308
257309
257310
257311
257312
257313
257314
257315
257316
257317
257318
257319
257320
257321
257322
257323
257324
257325
257326
257327
257328
257329
257330
257331
257332
257333
257334
257335
257336
257337
257338
257339
257340
257341
257342
257343
257344
257345
257346
257347
257348
257349
257350
257351
257352
257353
257354
257355
257356
257357
257358
257359
257360
257361
257362
257363
257364
257365
257366
257367
257368
257369
257370
257371
257372
257373
257374
257375
257376
257377
257378
257379
257380
257381
257382
257383
257384
257385
257386
257387
257388
257389
257390
257391
257392
257393
257394
257395
257396
257397
257398
257399
257400
257401
257402
257403
257404
257405
257406
257407
257408
257409
257410
257411
257412
257413
257414
257415
257416
257417
257418
257419
257420
257421
257422
257423
257424
257425
257426
257427
257428
257429
257430
257431
257432
257433
257434
257435
257436
257437
257438
257439
257440
257441
257442
257443
257444
257445
257446
257447
257448
257449
257450
257451
257452
257453
257454
257455
257456
257457
257458
257459
257460
257461
257462
257463
257464
257465
257466
257467
257468
257469
257470
257471
257472
257473
257474
257475
257476
257477
257478
257479
257480
257481
257482
257483
257484
257485
257486
257487
257488
257489
257490
257491
257492
257493
257494
257495
257496
257497
257498
257499
257500
257501
257502
257503
257504
257505
257506
257507
257508
257509
257510
257511
257512
257513
257514
257515
257516
257517
257518
257519
257520
257521
257522
257523
257524
257525
257526
257527
257528
257529
257530
257531
257532
257533
257534
257535
257536
257537
257538
257539
257540
257541
257542
257543
257544
257545
257546
257547
257548
257549
257550
257551
257552
257553
257554
257555
257556
257557
257558
257559
257560
257561
257562
257563
257564
257565
257566
257567
257568
257569
257570
257571
257572
257573
257574
257575
257576
257577
257578
257579
257580
257581
257582
257583
257584
257585
257586
257587
257588
257589
257590
257591
257592
257593
257594
257595
257596
257597
257598
257599
257600
257601
257602
257603
257604
257605
257606
257607
257608
257609
257610
257611
257612
257613
257614
257615
257616
257617
257618
257619
257620
257621
257622
257623
257624
257625
257626
257627
257628
257629
257630
257631
257632
257633
257634
257635
257636
257637
257638
257639
257640
257641
257642
257643
257644
257645
257646
257647
257648
257649
257650
257651
257652
257653
257654
257655
257656
257657
257658
257659
257660
257661
257662
257663
257664
257665
257666
257667
257668
257669
257670
257671
257672
257673
257674
257675
257676
257677
257678
257679
257680
257681
257682
257683
257684
257685
257686
257687
257688
257689
257690
257691
257692
257693
257694
257695
257696
257697
257698
257699
257700
257701
257702
257703
257704
257705
257706
257707
257708
257709
257710
257711
257712
257713
257714
257715
257716
257717
257718
257719
257720
257721
257722
257723
257724
257725
257726
257727
257728
257729
257730
257731
257732
257733
257734
257735
257736
257737
257738
257739
257740
257741
257742
257743
257744
257745
257746
257747
257748
257749
257750
257751
257752
257753
257754
257755
257756
257757
257758
257759
257760
257761
257762
257763
257764
257765
257766
257767
257768
257769
257770
257771
257772
257773
257774
257775
257776
257777
257778
257779
257780
257781
257782
257783
257784
257785
257786
257787
257788
257789
257790
257791
257792
257793
257794
257795
257796
257797
257798
257799
257800
257801
257802
257803
257804
257805
257806
257807
257808
257809
257810
257811
257812
257813
257814
257815
257816
257817
257818
257819
257820
257821
257822
257823
257824
257825
257826
257827
257828
257829
257830
257831
257832
257833
257834
257835
257836
257837
257838
257839
257840
257841
257842
257843
257844
257845
257846
257847
257848
257849
257850
257851
257852
257853
257854
257855
257856
257857
257858
257859
257860
257861
257862
257863
257864
257865
257866
257867
257868
257869
257870
257871
257872
257873
257874
257875
257876
257877
257878
257879
257880
257881
257882
257883
257884
257885
257886
257887
257888
257889
257890
257891
257892
257893
257894
257895
257896
257897
257898
257899
257900
257901
257902
257903
257904
257905
257906
257907
257908
257909
257910
257911
257912
257913
257914
257915
257916
257917
257918
257919
257920
257921
257922
257923
257924
257925
257926
257927
257928
257929
257930
257931
257932
257933
257934
257935
257936
257937
257938
257939
257940
257941
257942
257943
257944
257945
257946
257947
257948
257949
257950
257951
257952
257953
257954
257955
257956
257957
257958
257959
257960
257961
257962
257963
257964
257965
257966
257967
257968
257969
257970
257971
257972
257973
257974
257975
257976
257977
257978
257979
257980
257981
257982
257983
257984
257985
257986
257987
257988
257989
257990
257991
257992
257993
257994
257995
257996
257997
257998
257999
258000
258001
258002
258003
258004
258005
258006
258007
258008
258009
258010
258011
258012
258013
258014
258015
258016
258017
258018
258019
258020
258021
258022
258023
258024
258025
258026
258027
258028
258029
258030
258031
258032
258033
258034
258035
258036
258037
258038
258039
258040
258041
258042
258043
258044
258045
258046
258047
258048
258049
258050
258051
258052
258053
258054
258055
258056
258057
258058
258059
258060
258061
258062
258063
258064
258065
258066
258067
258068
258069
258070
258071
258072
258073
258074
258075
258076
258077
258078
258079
258080
258081
258082
258083
258084
258085
258086
258087
258088
258089
258090
258091
258092
258093
258094
258095
258096
258097
258098
258099
258100
258101
258102
258103
258104
258105
258106
258107
258108
258109
258110
258111
258112
258113
258114
258115
258116
258117
258118
258119
258120
258121
258122
258123
258124
258125
258126
258127
258128
258129
258130
258131
258132
258133
258134
258135
258136
258137
258138
258139
258140
258141
258142
258143
258144
258145
258146
258147
258148
258149
258150
258151
258152
258153
258154
258155
258156
258157
258158
258159
258160
258161
258162
258163
258164
258165
258166
258167
258168
258169
258170
258171
258172
258173
258174
258175
258176
258177
258178
258179
258180
258181
258182
258183
258184
258185
258186
258187
258188
258189
258190
258191
258192
258193
258194
258195
258196
258197
258198
258199
258200
258201
258202
258203
258204
258205
258206
258207
258208
258209
258210
258211
258212
258213
258214
258215
258216
258217
258218
258219
258220
258221
258222
258223
258224
258225
258226
258227
258228
258229
258230
258231
258232
258233
258234
258235
258236
258237
258238
258239
258240
258241
258242
258243
258244
258245
258246
258247
258248
258249
258250
258251
258252
258253
258254
258255
258256
258257
258258
258259
258260
258261
258262
258263
258264
258265
258266
258267
258268
258269
258270
258271
258272
258273
258274
258275
258276
258277
258278
258279
258280
258281
258282
258283
258284
258285
258286
258287
258288
258289
258290
258291
258292
258293
258294
258295
258296
258297
258298
258299
258300
258301
258302
258303
258304
258305
258306
258307
258308
258309
258310
258311
258312
258313
258314
258315
258316
258317
258318
258319
258320
258321
258322
258323
258324
258325
258326
258327
258328
258329
258330
258331
258332
258333
258334
258335
258336
258337
258338
258339
258340
258341
258342
258343
258344
258345
258346
258347
258348
258349
258350
258351
258352
258353
258354
258355
258356
258357
258358
258359
258360
258361
258362
258363
258364
258365
258366
258367
258368
258369
258370
258371
258372
258373
258374
258375
258376
258377
258378
258379
258380
258381
258382
258383
258384
258385
258386
258387
258388
258389
258390
258391
258392
258393
258394
258395
258396
258397
258398
258399
258400
258401
258402
258403
258404
258405
258406
258407
258408
258409
258410
258411
258412
258413
258414
258415
258416
258417
258418
258419
258420
258421
258422
258423
258424
258425
258426
258427
258428
258429
258430
258431
258432
258433
258434
258435
258436
258437
258438
258439
258440
258441
258442
258443
258444
258445
258446
258447
258448
258449
258450
258451
258452
258453
258454
258455
258456
258457
258458
258459
258460
258461
258462
258463
258464
258465
258466
258467
258468
258469
258470
258471
258472
258473
258474
258475
258476
258477
258478
258479
258480
258481
258482
258483
258484
258485
258486
258487
258488
258489
258490
258491
258492
258493
258494
258495
258496
258497
258498
258499
258500
258501
258502
258503
258504
258505
258506
258507
258508
258509
258510
258511
258512
258513
258514
258515
258516
258517
258518
258519
258520
258521
258522
258523
258524
258525
258526
258527
258528
258529
258530
258531
258532
258533
258534
258535
258536
258537
258538
258539
258540
258541
258542
258543
258544
258545
258546
258547
258548
258549
258550
258551
258552
258553
258554
258555
258556
258557
258558
258559
258560
258561
258562
258563
258564
258565
258566
258567
258568
258569
258570
258571
258572
258573
258574
258575
258576
258577
258578
258579
258580
258581
258582
258583
258584
258585
258586
258587
258588
258589
258590
258591
258592
258593
258594
258595
258596
258597
258598
258599
258600
258601
258602
258603
258604
258605
258606
258607
258608
258609
258610
258611
258612
258613
258614
258615
258616
258617
258618
258619
258620
258621
258622
258623
258624
258625
258626
258627
258628
258629
258630
258631
258632
258633
258634
258635
258636
258637
258638
258639
258640
258641
258642
258643
258644
258645
258646
258647
258648
258649
258650
258651
258652
258653
258654
258655
258656
258657
258658
258659
258660
258661
258662
258663
258664
258665
258666
258667
258668
258669
258670
258671
258672
258673
258674
258675
258676
258677
258678
258679
258680
258681
258682
258683
258684
258685
258686
258687
258688
258689
258690
258691
258692
258693
258694
258695
258696
258697
258698
258699
258700
258701
258702
258703
258704
258705
258706
258707
258708
258709
258710
258711
258712
258713
258714
258715
258716
258717
258718
258719
258720
258721
258722
258723
258724
258725
258726
258727
258728
258729
258730
258731
258732
258733
258734
258735
258736
258737
258738
258739
258740
258741
258742
258743
258744
258745
258746
258747
258748
258749
258750
258751
258752
258753
258754
258755
258756
258757
258758
258759
258760
258761
258762
258763
258764
258765
258766
258767
258768
258769
258770
258771
258772
258773
258774
258775
258776
258777
258778
258779
258780
258781
258782
258783
258784
258785
258786
258787
258788
258789
258790
258791
258792
258793
258794
258795
258796
258797
258798
258799
258800
258801
258802
258803
258804
258805
258806
258807
258808
258809
258810
258811
258812
258813
258814
258815
258816
258817
258818
258819
258820
258821
258822
258823
258824
258825
258826
258827
258828
258829
258830
258831
258832
258833
258834
258835
258836
258837
258838
258839
258840
258841
258842
258843
258844
258845
258846
258847
258848
258849
258850
258851
258852
258853
258854
258855
258856
258857
258858
258859
258860
258861
258862
258863
258864
258865
258866
258867
258868
258869
258870
258871
258872
258873
258874
258875
258876
258877
258878
258879
258880
258881
258882
258883
258884
258885
258886
258887
258888
258889
258890
258891
258892
258893
258894
258895
258896
258897
258898
258899
258900
258901
258902
258903
258904
258905
258906
258907
258908
258909
258910
258911
258912
258913
258914
258915
258916
258917
258918
258919
258920
258921
258922
258923
258924
258925
258926
258927
258928
258929
258930
258931
258932
258933
258934
258935
258936
258937
258938
258939
258940
258941
258942
258943
258944
258945
258946
258947
258948
258949
258950
258951
258952
258953
258954
258955
258956
258957
258958
258959
258960
258961
258962
258963
258964
258965
258966
258967
258968
258969
258970
258971
258972
258973
258974
258975
258976
258977
258978
258979
258980
258981
258982
258983
258984
258985
258986
258987
258988
258989
258990
258991
258992
258993
258994
258995
258996
258997
258998
258999
259000
259001
259002
259003
259004
259005
259006
259007
259008
259009
259010
259011
259012
259013
259014
259015
259016
259017
259018
259019
259020
259021
259022
259023
259024
259025
259026
259027
259028
259029
259030
259031
259032
259033
259034
259035
259036
259037
259038
259039
259040
259041
259042
259043
259044
259045
259046
259047
259048
259049
259050
259051
259052
259053
259054
259055
259056
259057
259058
259059
259060
259061
259062
259063
259064
259065
259066
259067
259068
259069
259070
259071
259072
259073
259074
259075
259076
259077
259078
259079
259080
259081
259082
259083
259084
259085
259086
259087
259088
259089
259090
259091
259092
259093
259094
259095
259096
259097
259098
259099
259100
259101
259102
259103
259104
259105
259106
259107
259108
259109
259110
259111
259112
259113
259114
259115
259116
259117
259118
259119
259120
259121
259122
259123
259124
259125
259126
259127
259128
259129
259130
259131
259132
259133
259134
259135
259136
259137
259138
259139
259140
259141
259142
259143
259144
259145
259146
259147
259148
259149
259150
259151
259152
259153
259154
259155
259156
259157
259158
259159
259160
259161
259162
259163
259164
259165
259166
259167
259168
259169
259170
259171
259172
259173
259174
259175
259176
259177
259178
259179
259180
259181
259182
259183
259184
259185
259186
259187
259188
259189
259190
259191
259192
259193
259194
259195
259196
259197
259198
259199
259200
259201
259202
259203
259204
259205
259206
259207
259208
259209
259210
259211
259212
259213
259214
259215
259216
259217
259218
259219
259220
259221
259222
259223
259224
259225
259226
259227
259228
259229
259230
259231
259232
259233
259234
259235
259236
259237
259238
259239
259240
259241
259242
259243
259244
259245
259246
259247
259248
259249
259250
259251
259252
259253
259254
259255
259256
259257
259258
259259
259260
259261
259262
259263
259264
259265
259266
259267
259268
259269
259270
259271
259272
259273
259274
259275
259276
259277
259278
259279
259280
259281
259282
259283
259284
259285
259286
259287
259288
259289
259290
259291
259292
259293
259294
259295
259296
259297
259298
259299
259300
259301
259302
259303
259304
259305
259306
259307
259308
259309
259310
259311
259312
259313
259314
259315
259316
259317
259318
259319
259320
259321
259322
259323
259324
259325
259326
259327
259328
259329
259330
259331
259332
259333
259334
259335
259336
259337
259338
259339
259340
259341
259342
259343
259344
259345
259346
259347
259348
259349
259350
259351
259352
259353
259354
259355
259356
259357
259358
259359
259360
259361
259362
259363
259364
259365
259366
259367
259368
259369
259370
259371
259372
259373
259374
259375
259376
259377
259378
259379
259380
259381
259382
259383
259384
259385
259386
259387
259388
259389
259390
259391
259392
259393
259394
259395
259396
259397
259398
259399
259400
259401
259402
259403
259404
259405
259406
259407
259408
259409
259410
259411
259412
259413
259414
259415
259416
259417
259418
259419
259420
259421
259422
259423
259424
259425
259426
259427
259428
259429
259430
259431
259432
259433
259434
259435
259436
259437
259438
259439
259440
259441
259442
259443
259444
259445
259446
259447
259448
259449
259450
259451
259452
259453
259454
259455
259456
259457
259458
259459
259460
259461
259462
259463
259464
259465
259466
259467
259468
259469
259470
259471
259472
259473
259474
259475
259476
259477
259478
259479
259480
259481
259482
259483
259484
259485
259486
259487
259488
259489
259490
259491
259492
259493
259494
259495
259496
259497
259498
259499
259500
259501
259502
259503
259504
259505
259506
259507
259508
259509
259510
259511
259512
259513
259514
259515
259516
259517
259518
259519
259520
259521
259522
259523
259524
259525
259526
259527
259528
259529
259530
259531
259532
259533
259534
259535
259536
259537
259538
259539
259540
259541
259542
259543
259544
259545
259546
259547
259548
259549
259550
259551
259552
259553
259554
259555
259556
259557
259558
259559
259560
259561
259562
259563
259564
259565
259566
259567
259568
259569
259570
259571
259572
259573
259574
259575
259576
259577
259578
259579
259580
259581
259582
259583
259584
259585
259586
259587
259588
259589
259590
259591
259592
259593
259594
259595
259596
259597
259598
259599
259600
259601
259602
259603
259604
259605
259606
259607
259608
259609
259610
259611
259612
259613
259614
259615
259616
259617
259618
259619
259620
259621
259622
259623
259624
259625
259626
259627
259628
259629
259630
259631
259632
259633
259634
259635
259636
259637
259638
259639
259640
259641
259642
259643
259644
259645
259646
259647
259648
259649
259650
259651
259652
259653
259654
259655
259656
259657
259658
259659
259660
259661
259662
259663
259664
259665
259666
259667
259668
259669
259670
259671
259672
259673
259674
259675
259676
259677
259678
259679
259680
259681
259682
259683
259684
259685
259686
259687
259688
259689
259690
259691
259692
259693
259694
259695
259696
259697
259698
259699
259700
259701
259702
259703
259704
259705
259706
259707
259708
259709
259710
259711
259712
259713
259714
259715
259716
259717
259718
259719
259720
259721
259722
259723
259724
259725
259726
259727
259728
259729
259730
259731
259732
259733
259734
259735
259736
259737
259738
259739
259740
259741
259742
259743
259744
259745
259746
259747
259748
259749
259750
259751
259752
259753
259754
259755
259756
259757
259758
259759
259760
259761
259762
259763
259764
259765
259766
259767
259768
259769
259770
259771
259772
259773
259774
259775
259776
259777
259778
259779
259780
259781
259782
259783
259784
259785
259786
259787
259788
259789
259790
259791
259792
259793
259794
259795
259796
259797
259798
259799
259800
259801
259802
259803
259804
259805
259806
259807
259808
259809
259810
259811
259812
259813
259814
259815
259816
259817
259818
259819
259820
259821
259822
259823
259824
259825
259826
259827
259828
259829
259830
259831
259832
259833
259834
259835
259836
259837
259838
259839
259840
259841
259842
259843
259844
259845
259846
259847
259848
259849
259850
259851
259852
259853
259854
259855
259856
259857
259858
259859
259860
259861
259862
259863
259864
259865
259866
259867
259868
259869
259870
259871
259872
259873
259874
259875
259876
259877
259878
259879
259880
259881
259882
259883
259884
259885
259886
259887
259888
259889
259890
259891
259892
259893
259894
259895
259896
259897
259898
259899
259900
259901
259902
259903
259904
259905
259906
259907
259908
259909
259910
259911
259912
259913
259914
259915
259916
259917
259918
259919
259920
259921
259922
259923
259924
259925
259926
259927
259928
259929
259930
259931
259932
259933
259934
259935
259936
259937
259938
259939
259940
259941
259942
259943
259944
259945
259946
259947
259948
259949
259950
259951
259952
259953
259954
259955
259956
259957
259958
259959
259960
259961
259962
259963
259964
259965
259966
259967
259968
259969
259970
259971
259972
259973
259974
259975
259976
259977
259978
259979
259980
259981
259982
259983
259984
259985
259986
259987
259988
259989
259990
259991
259992
259993
259994
259995
259996
259997
259998
259999
260000
260001
260002
260003
260004
260005
260006
260007
260008
260009
260010
260011
260012
260013
260014
260015
260016
260017
260018
260019
260020
260021
260022
260023
260024
260025
260026
260027
260028
260029
260030
260031
260032
260033
260034
260035
260036
260037
260038
260039
260040
260041
260042
260043
260044
260045
260046
260047
260048
260049
260050
260051
260052
260053
260054
260055
260056
260057
260058
260059
260060
260061
260062
260063
260064
260065
260066
260067
260068
260069
260070
260071
260072
260073
260074
260075
260076
260077
260078
260079
260080
260081
260082
260083
260084
260085
260086
260087
260088
260089
260090
260091
260092
260093
260094
260095
260096
260097
260098
260099
260100
260101
260102
260103
260104
260105
260106
260107
260108
260109
260110
260111
260112
260113
260114
260115
260116
260117
260118
260119
260120
260121
260122
260123
260124
260125
260126
260127
260128
260129
260130
260131
260132
260133
260134
260135
260136
260137
260138
260139
260140
260141
260142
260143
260144
260145
260146
260147
260148
260149
260150
260151
260152
260153
260154
260155
260156
260157
260158
260159
260160
260161
260162
260163
260164
260165
260166
260167
260168
260169
260170
260171
260172
260173
260174
260175
260176
260177
260178
260179
260180
260181
260182
260183
260184
260185
260186
260187
260188
260189
260190
260191
260192
260193
260194
260195
260196
260197
260198
260199
260200
260201
260202
260203
260204
260205
260206
260207
260208
260209
260210
260211
260212
260213
260214
260215
260216
260217
260218
260219
260220
260221
260222
260223
260224
260225
260226
260227
260228
260229
260230
260231
260232
260233
260234
260235
260236
260237
260238
260239
260240
260241
260242
260243
260244
260245
260246
260247
260248
260249
260250
260251
260252
260253
260254
260255
260256
260257
260258
260259
260260
260261
260262
260263
260264
260265
260266
260267
260268
260269
260270
260271
260272
260273
260274
260275
260276
260277
260278
260279
260280
260281
260282
260283
260284
260285
260286
260287
260288
260289
260290
260291
260292
260293
260294
260295
260296
260297
260298
260299
260300
260301
260302
260303
260304
260305
260306
260307
260308
260309
260310
260311
260312
260313
260314
260315
260316
260317
260318
260319
260320
260321
260322
260323
260324
260325
260326
260327
260328
260329
260330
260331
260332
260333
260334
260335
260336
260337
260338
260339
260340
260341
260342
260343
260344
260345
260346
260347
260348
260349
260350
260351
260352
260353
260354
260355
260356
260357
260358
260359
260360
260361
260362
260363
260364
260365
260366
260367
260368
260369
260370
260371
260372
260373
260374
260375
260376
260377
260378
260379
260380
260381
260382
260383
260384
260385
260386
260387
260388
260389
260390
260391
260392
260393
260394
260395
260396
260397
260398
260399
260400
260401
260402
260403
260404
260405
260406
260407
260408
260409
260410
260411
260412
260413
260414
260415
260416
260417
260418
260419
260420
260421
260422
260423
260424
260425
260426
260427
260428
260429
260430
260431
260432
260433
260434
260435
260436
260437
260438
260439
260440
260441
260442
260443
260444
260445
260446
260447
260448
260449
260450
260451
260452
260453
260454
260455
260456
260457
260458
260459
260460
260461
260462
260463
260464
260465
260466
260467
260468
260469
260470
260471
260472
260473
260474
260475
260476
260477
260478
260479
260480
260481
260482
260483
260484
260485
260486
260487
260488
260489
260490
260491
260492
260493
260494
260495
260496
260497
260498
260499
260500
260501
260502
260503
260504
260505
260506
260507
260508
260509
260510
260511
260512
260513
260514
260515
260516
260517
260518
260519
260520
260521
260522
260523
260524
260525
260526
260527
260528
260529
260530
260531
260532
260533
260534
260535
260536
260537
260538
260539
260540
260541
260542
260543
260544
260545
260546
260547
260548
260549
260550
260551
260552
260553
260554
260555
260556
260557
260558
260559
260560
260561
260562
260563
260564
260565
260566
260567
260568
260569
260570
260571
260572
260573
260574
260575
260576
260577
260578
260579
260580
260581
260582
260583
260584
260585
260586
260587
260588
260589
260590
260591
260592
260593
260594
260595
260596
260597
260598
260599
260600
260601
260602
260603
260604
260605
260606
260607
260608
260609
260610
260611
260612
260613
260614
260615
260616
260617
260618
260619
260620
260621
260622
260623
260624
260625
260626
260627
260628
260629
260630
260631
260632
260633
260634
260635
260636
260637
260638
260639
260640
260641
260642
260643
260644
260645
260646
260647
260648
260649
260650
260651
260652
260653
260654
260655
260656
260657
260658
260659
260660
260661
260662
260663
260664
260665
260666
260667
260668
260669
260670
260671
260672
260673
260674
260675
260676
260677
260678
260679
260680
260681
260682
260683
260684
260685
260686
260687
260688
260689
260690
260691
260692
260693
260694
260695
260696
260697
260698
260699
260700
260701
260702
260703
260704
260705
260706
260707
260708
260709
260710
260711
260712
260713
260714
260715
260716
260717
260718
260719
260720
260721
260722
260723
260724
260725
260726
260727
260728
260729
260730
260731
260732
260733
260734
260735
260736
260737
260738
260739
260740
260741
260742
260743
260744
260745
260746
260747
260748
260749
260750
260751
260752
260753
260754
260755
260756
260757
260758
260759
260760
260761
260762
260763
260764
260765
260766
260767
260768
260769
260770
260771
260772
260773
260774
260775
260776
260777
260778
260779
260780
260781
260782
260783
260784
260785
260786
260787
260788
260789
260790
260791
260792
260793
260794
260795
260796
260797
260798
260799
260800
260801
260802
260803
260804
260805
260806
260807
260808
260809
260810
260811
260812
260813
260814
260815
260816
260817
260818
260819
260820
260821
260822
260823
260824
260877
260878
260879
260880
260881
260882
260883
260884
260885
260886
260887
260888
260889
260890
260891
260892
260893
260894
260895
260896
260897
260898
260899
260900
260901
260902
260903
260904
260905
260906
260907
260908
260909
260910
260911
260912
260913
260914
260915
260916
260917
260918
260919
260920
260921
260922
260923
260924
260925
260926
260927
260928
260929
260930
260931
260932
260933
260934
260935
260936
260937
260938
260939
260940
260941
260942
260943
260944
260945
260946
260947
260948
260949
260950
260951
260952
260953
260954
260955
260956
260957
260958
260959
260960
260961
260962
260963
260964
260965
260966
260967
260968
260969
260970
260971
260972
260973
260974
260975
260976
260977
260978
260979
260980
260981
260982
260983
260984
260985
260986
260987
260988
260989
260990
260991
260992
260993
260994
260995
260996
260997
260998
260999
261000
261001
261002
261003
261004
261005
261006
261007
261008
261009
261010
261011
261012
261013
261014
261015
261016
261017
261018
261019
261020
261021
261022
261023
261024
261025
261026
261027
261028
261029
261030
261031
261032
261033
261034
261035
261036
261037
261038
261039
261040
261041
261042
261043
261044
261045
261046
261047
261048
261049
261050
261051
261052
261053
261054
261055
261056
261057
261058
261059
261060
261061
261062
261063
261064
261065
261066
261067
261068
261069
261070
261071
261072
261073
261074
261075
261076
261077
261078
261079
261080
261081
261082
261083
261084
261085
261086
261087
261088
261089
261090
261091
261092
261093
261094
261095
261096
261097
261098
261099
261100
261101
261102
261103
261104
261105
261106
261107
261108
261109
261110
261111
261112
261113
261114
261115
261116
261117
261118
261119
261120
261121
261122
261123
261124
261125
261126
261127
261128
261129
261130
261131
261132
261133
261134
261135
261136
261137
261138
261139
261140
261141
261142
261143
261144
261145
261146
261147
261148
261149
261150
261151
261152
261153
261154
261155
261156
261157
261158
261159
261160
261161
261162
261163
261164
261165
261166
261167
261168
261169
261170
261171
261172
261173
261174
261175
261176
261177
261178
261179
261180
261181
261182
261183
261184
261185
261186
261187
261188
261189
261190
261191
261192
261193
261194
261195
261196
261197
261198
261199
261200
261201
261202
261203
261204
261205
261206
261207
261208
261209
261210
261211
261212
261213
261214
261215
261216
261217
261218
261219
261220
261221
261222
261223
261224
261225
261226
261227
261228
261229
261230
261231
261232
261233
261234
261235
261236
261237
261238
261239
261240
261241
261242
261243
261244
261245
261246
261247
261248
261249
261250
261251
261252
261253
261254
261255
261256
261257
261258
261259
261260
261261
261262
261263
261264
261265
261266
261267
261268
261269
261270
261271
261272
261273
261274
261275
261276
261277
261278
261279
261280
261281
261282
261283
261284
261285
261286
261287
261288
261289
261290
261291
261292
261293
261294
261295
261296
261297
261298
261299
261300
261301
261302
261303
261304
261305
261306
261307
261308
261309
261310
261311
261312
261313
261314
261315
261316
261317
261318
261319
261320
261321
261322
261323
261324
261325
261326
261327
261328
261329
261330
261331
261332
261333
261334
261335
261336
261337
261338
261339
261340
261341
261342
261343
261344
261345
261346
261347
261348
261349
261350
261351
261352
261353
261354
261355
261356
261357
261358
261359
261360
261361
261362
261363
261364
261365
261366
261367
261368
261369
261370
261371
261372
261373
261374
261375
261376
261377
261378
261379
261380
261381
261382
261383
261384
261385
261386
261387
261388
261389
261390
261391
261392
261393
261394
261395
261396
261397
261398
261399
261400
261401
261402
261403
261404
261405
261406
261407
261408
261409
261410
261411
261412
261413
261414
261415
261416
261417
261418
261419
261420
261421
261422
261423
261424
261425
261426
261427
261428
261429
261430
261431
261432
261433
261434
261435
261436
261437
261438
261439
261440
261441
261442
261443
261444
261445
261446
261447
261448
261449
261450
261451
261452
261453
261454
261455
261456
261457
261458
261459
261460
261461
261462
261463
261464
261465
261466
261467
261468
261469
261470
261471
261472
261473
261474
261475
261476
261477
261478
261479
261480
261481
261482
261483
261484
261485
261486
261487
261488
261489
261490
261491
261492
261493
261494
261495
261496
261497
261498
261499
261500
261501
261502
261503
261504
261505
261506
261507
261508
261509
261510
261511
261512
261513
261514
261515
261516
261517
261518
261519
261520
261521
261522
261523
261524
261525
261526
261527
261528
261529
261530
261531
261532
261533
261534
261535
261536
261537
261538
261539
261540
261541
261542
261543
261544
261545
261546
261547
261548
261549
261550
261551
261552
261553
261554
261555
261556
261557
261558
261559
261560
261561
261562
261563
261564
261565
261566
261567
261568
261569
261570
261571
261572
261573
261574
261575
261576
261577
261578
261579
261580
261581
261582
261583
261584
261585
261586
261587
261588
261589
261590
261591
261592
261593
261594
261595
261596
261597
261598
261599
261600
261601
261602
261603
261604
261605
261606
261607
261608
261609
261610
261611
261612
261613
261614
261615
261616
261617
261618
261619
261620
261621
261622
261623
261624
261625
261626
261627
261628
261629
261630
261631
261632
261633
261634
261635
261636
261637
261638
261639
261640
261641
261642
261643
261644
261645
261646
261647
261648
261649
261650
261651
261652
261653
261654
261655
261656
261657
261658
261659
261660
261661
261662
261663
261664
261665
261666
261667
261668
261669
261670
261671
261672
261673
261674
261675
261676
261677
261678
261679
261680
261681
261682
261683
261684
261685
261686
261687
261688
261689
261690
261691
261692
261693
261694
261695
261696
261697
261698
261699
261700
261701
261702
261703
261704
261705
261706
261707
261708
261709
261710
261711
261712
261713
261714
261715
261716
261717
261718
261719
261720
261721
261722
261723
261724
261725
261726
261727
261728
261729
261730
261731
261732
261733
261734
261735
261736
261737
261738
261739
261740
261741
261742
261743
261744
261745
261746
261747
261748
261749
261750
261751
261752
261753
261754
261755
261756
261757
261758
261759
261760
261761
261762
261763
261764
261765
261766
261767
261768
261769
261770
261771
261772
261773
261774
261775
261776
261777
261778
261779
261780
261781
261782
261783
261784
261785
261786
261787
261788
261789
261790
261791
261792
261793
261794
261795
261796
261797
261798
261799
261800
261801
261802
261803
261804
261805
261806
261807
261808
261809
261810
261811
261812
261813
261814
261815
261816
261817
261818
261819
261820
261821
261822
261823
261824
261825
261826
261827
)


// ************************************************************************* //
